2015010100
2015010106
2015010112
2015010118
2015010200
2015010206
2015010212
2015010218
2015010300
2015010306
2015010312
2015010318
2015010400
2015010406
2015010412
2015010418
2015010500
2015010506
2015010512
2015010518
2015010600
2015010606
2015010612
2015010618
2015010700
2015010706
2015010712
2015010718
2015010800
2015010806
2015010812
2015010818
2015010900
2015010906
2015010912
2015010918
2015011000
2015011006
2015011012
2015011018
2015011100
2015011106
2015011112
2015011118
2015011200
2015011206
2015011212
2015011218
2015011300
2015011306
2015011312
2015011318
2015011400
2015011406
2015011412
2015011418
2015011500
2015011506
2015011512
2015011518
2015011600
2015011606
2015011612
2015011618
2015011700
2015011706
2015011712
2015011718
2015011800
2015011806
2015011812
2015011818
2015011900
2015011906
2015011912
2015011918
2015012000
2015012006
2015012012
2015012018
2015012100
2015012106
2015012112
2015012118
2015012200
2015012206
2015012212
2015012218
2015012300
2015012306
2015012312
2015012318
2015012400
2015012406
2015012412
2015012418
2015012500
2015012506
2015012512
2015012518
2015012600
2015012606
2015012612
2015012618
2015012700
2015012706
2015012712
2015012718
2015012800
2015012806
2015012812
2015012818
2015012900
2015012906
2015012912
2015012918
2015013000
2015013006
2015013012
2015013018
2015013100
2015013106
2015013112
2015013118
2015020100
2015020106
2015020112
2015020118
2015020200
2015020206
2015020212
2015020218
2015020300
2015020306
2015020312
2015020318
2015020400
2015020406
2015020412
2015020418
2015020500
2015020506
2015020512
2015020518
2015020600
2015020606
2015020612
2015020618
2015020700
2015020706
2015020712
2015020718
2015020800
2015020806
2015020812
2015020818
2015020900
2015020906
2015020912
2015020918
2015021000
2015021006
2015021012
2015021018
2015021100
2015021106
2015021112
2015021118
2015021200
2015021206
2015021212
2015021218
2015021300
2015021306
2015021312
2015021318
2015021400
2015021406
2015021412
2015021418
2015021500
2015021506
2015021512
2015021518
2015021600
2015021606
2015021612
2015021618
2015021700
2015021706
2015021712
2015021718
2015021800
2015021806
2015021812
2015021818
2015021900
2015021906
2015021912
2015021918
2015022000
2015022006
2015022012
2015022018
2015022100
2015022106
2015022112
2015022118
2015022200
2015022206
2015022212
2015022218
2015022300
2015022306
2015022312
2015022318
2015022400
2015022406
2015022412
2015022418
2015022500
2015022506
2015022512
2015022518
2015022600
2015022606
2015022612
2015022618
2015022700
2015022706
2015022712
2015022718
2015022800
2015022806
2015022812
2015022818
2015030100
2015030106
2015030112
2015030118
2015030200
2015030206
2015030212
2015030218
2015030300
2015030306
2015030312
2015030318
2015030400
2015030406
2015030412
2015030418
2015030500
2015030506
2015030512
2015030518
2015030600
2015030606
2015030612
2015030618
2015030700
2015030706
2015030712
2015030718
2015030800
2015030806
2015030812
2015030818
2015030900
2015030906
2015030912
2015030918
2015031000
2015031006
2015031012
2015031018
2015031100
2015031106
2015031112
2015031118
2015031200
2015031206
2015031212
2015031218
2015031300
2015031306
2015031312
2015031318
2015031400
2015031406
2015031412
2015031418
2015031500
2015031506
2015031512
2015031518
2015031600
2015031606
2015031612
2015031618
2015031700
2015031706
2015031712
2015031718
2015031800
2015031806
2015031812
2015031818
2015031900
2015031906
2015031912
2015031918
2015032000
2015032006
2015032012
2015032018
2015032100
2015032106
2015032112
2015032118
2015032200
2015032206
2015032212
2015032218
2015032300
2015032306
2015032312
2015032318
2015032400
2015032406
2015032412
2015032418
2015032500
2015032506
2015032512
2015032518
2015032600
2015032606
2015032612
2015032618
2015032700
2015032706
2015032712
2015032718
2015032800
2015032806
2015032812
2015032818
2015032900
2015032906
2015032912
2015032918
2015033000
2015033006
2015033012
2015033018
2015033100
2015033106
2015033112
2015033118
2015040100
2015040106
2015040112
2015040118
2015040200
2015040206
2015040212
2015040218
2015040300
2015040306
2015040312
2015040318
2015040400
2015040406
2015040412
2015040418
2015040500
2015040506
2015040512
2015040518
2015040600
2015040606
2015040612
2015040618
2015040700
2015040706
2015040712
2015040718
2015040800
2015040806
2015040812
2015040818
2015040900
2015040906
2015040912
2015040918
2015041000
2015041006
2015041012
2015041018
2015041100
2015041106
2015041112
2015041118
2015041200
2015041206
2015041212
2015041218
2015041300
2015041306
2015041312
2015041318
2015041400
2015041406
2015041412
2015041418
2015041500
2015041506
2015041512
2015041518
2015041600
2015041606
2015041612
2015041618
2015041700
2015041706
2015041712
2015041718
2015041800
2015041806
2015041812
2015041818
2015041900
2015041906
2015041912
2015041918
2015042000
2015042006
2015042012
2015042018
2015042100
2015042106
2015042112
2015042118
2015042200
2015042206
2015042212
2015042218
2015042300
2015042306
2015042312
2015042318
2015042400
2015042406
2015042412
2015042418
2015042500
2015042506
2015042512
2015042518
2015042600
2015042606
2015042612
2015042618
2015042700
2015042706
2015042712
2015042718
2015042800
2015042806
2015042812
2015042818
2015042900
2015042906
2015042912
2015042918
2015043000
2015043006
2015043012
2015043018
2015050100
2015050106
2015050112
2015050118
2015050200
2015050206
2015050212
2015050218
2015050300
2015050306
2015050312
2015050318
2015050400
2015050406
2015050412
2015050418
2015050500
2015050506
2015050512
2015050518
2015050600
2015050606
2015050612
2015050618
2015050700
2015050706
2015050712
2015050718
2015050800
2015050806
2015050812
2015050818
2015050900
2015050906
2015050912
2015050918
2015051000
2015051006
2015051012
2015051018
2015051100
2015051106
2015051112
2015051118
2015051200
2015051206
2015051212
2015051218
2015051300
2015051306
2015051312
2015051318
2015051400
2015051406
2015051412
2015051418
2015051500
2015051506
2015051512
2015051518
2015051600
2015051606
2015051612
2015051618
2015051700
2015051706
2015051712
2015051718
2015051800
2015051806
2015051812
2015051818
2015051900
2015051906
2015051912
2015051918
2015052000
2015052006
2015052012
2015052018
2015052100
2015052106
2015052112
2015052118
2015052200
2015052206
2015052212
2015052218
2015052300
2015052306
2015052312
2015052318
2015052400
2015052406
2015052412
2015052418
2015052500
2015052506
2015052512
2015052518
2015052600
2015052606
2015052612
2015052618
2015052700
2015052706
2015052712
2015052718
2015052800
2015052806
2015052812
2015052818
2015052900
2015052906
2015052912
2015052918
2015053000
2015053006
2015053012
2015053018
2015053100
2015053106
2015053112
2015053118
2015060100
2015060106
2015060112
2015060118
2015060200
2015060206
2015060212
2015060218
2015060300
2015060306
2015060312
2015060318
2015060400
2015060406
2015060412
2015060418
2015060500
2015060506
2015060512
2015060518
2015060600
2015060606
2015060612
2015060618
2015060700
2015060706
2015060712
2015060718
2015060800
2015060806
2015060812
2015060818
2015060900
2015060906
2015060912
2015060918
2015061000
2015061006
2015061012
2015061018
2015061100
2015061106
2015061112
2015061118
2015061200
2015061206
2015061212
2015061218
2015061300
2015061306
2015061312
2015061318
2015061400
2015061406
2015061412
2015061418
2015061500
2015061506
2015061512
2015061518
2015061600
2015061606
2015061612
2015061618
2015061700
2015061706
2015061712
2015061718
2015061800
2015061806
2015061812
2015061818
2015061900
2015061906
2015061912
2015061918
2015062000
2015062006
2015062012
2015062018
2015062100
2015062106
2015062112
2015062118
2015062200
2015062206
2015062212
2015062218
2015062300
2015062306
2015062312
2015062318
2015062400
2015062406
2015062412
2015062418
2015062500
2015062506
2015062512
2015062518
2015062600
2015062606
2015062612
2015062618
2015062700
2015062706
2015062712
2015062718
2015062800
2015062806
2015062812
2015062818
2015062900
2015062906
2015062912
2015062918
2015063000
2015063006
2015063012
2015063018
2015070100
2015070106
2015070112
2015070118
2015070200
2015070206
2015070212
2015070218
2015070300
2015070306
2015070312
2015070318
2015070400
2015070406
2015070412
2015070418
2015070500
2015070506
2015070512
2015070518
2015070600
2015070606
2015070612
2015070618
2015070700
2015070706
2015070712
2015070718
2015070800
2015070806
2015070812
2015070818
2015070900
2015070906
2015070912
2015070918
2015071000
2015071006
2015071012
2015071018
2015071100
2015071106
2015071112
2015071118
2015071200
2015071206
2015071212
2015071218
2015071300
2015071306
2015071312
2015071318
2015071400
2015071406
2015071412
2015071418
2015071500
2015071506
2015071512
2015071518
2015071600
2015071606
2015071612
2015071618
2015071700
2015071706
2015071712
2015071718
2015071800
2015071806
2015071812
2015071818
2015071900
2015071906
2015071912
2015071918
2015072000
2015072006
2015072012
2015072018
2015072100
2015072106
2015072112
2015072118
2015072200
2015072206
2015072212
2015072218
2015072300
2015072306
2015072312
2015072318
2015072400
2015072406
2015072412
2015072418
2015072500
2015072506
2015072512
2015072518
2015072600
2015072606
2015072612
2015072618
2015072700
2015072706
2015072712
2015072718
2015072800
2015072806
2015072812
2015072818
2015072900
2015072906
2015072912
2015072918
2015073000
2015073006
2015073012
2015073018
2015073100
2015073106
2015073112
2015073118
2015080100
2015080106
2015080112
2015080118
2015080200
2015080206
2015080212
2015080218
2015080300
2015080306
2015080312
2015080318
2015080400
2015080406
2015080412
2015080418
2015080500
2015080506
2015080512
2015080518
2015080600
2015080606
2015080612
2015080618
2015080700
2015080706
2015080712
2015080718
2015080800
2015080806
2015080812
2015080818
2015080900
2015080906
2015080912
2015080918
2015081000
2015081006
2015081012
2015081018
2015081100
2015081106
2015081112
2015081118
2015081200
2015081206
2015081212
2015081218
2015081300
2015081306
2015081312
2015081318
2015081400
2015081406
2015081412
2015081418
2015081500
2015081506
2015081512
2015081518
2015081600
2015081606
2015081612
2015081618
2015081700
2015081706
2015081712
2015081718
2015081800
2015081806
2015081812
2015081818
2015081900
2015081906
2015081912
2015081918
2015082000
2015082006
2015082012
2015082018
2015082100
2015082106
2015082112
2015082118
2015082200
2015082206
2015082212
2015082218
2015082300
2015082306
2015082312
2015082318
2015082400
2015082406
2015082412
2015082418
2015082500
2015082506
2015082512
2015082518
2015082600
2015082606
2015082612
2015082618
2015082700
2015082706
2015082712
2015082718
2015082800
2015082806
2015082812
2015082818
2015082900
2015082906
2015082912
2015082918
2015083000
2015083006
2015083012
2015083018
2015083100
2015083106
2015083112
2015083118
2015090100
2015090106
2015090112
2015090118
2015090200
2015090206
2015090212
2015090218
2015090300
2015090306
2015090312
2015090318
2015090400
2015090406
2015090412
2015090418
2015090500
2015090506
2015090512
2015090518
2015090600
2015090606
2015090612
2015090618
2015090700
2015090706
2015090712
2015090718
2015090800
2015090806
2015090812
2015090818
2015090900
2015090906
2015090912
2015090918
2015091000
2015091006
2015091012
2015091018
2015091100
2015091106
2015091112
2015091118
2015091200
2015091206
2015091212
2015091218
2015091300
2015091306
2015091312
2015091318
2015091400
2015091406
2015091412
2015091418
2015091500
2015091506
2015091512
2015091518
2015091600
2015091606
2015091612
2015091618
2015091700
2015091706
2015091712
2015091718
2015091800
2015091806
2015091812
2015091818
2015091900
2015091906
2015091912
2015091918
2015092000
2015092006
2015092012
2015092018
2015092100
2015092106
2015092112
2015092118
2015092200
2015092206
2015092212
2015092218
2015092300
2015092306
2015092312
2015092318
2015092400
2015092406
2015092412
2015092418
2015092500
2015092506
2015092512
2015092518
2015092600
2015092606
2015092612
2015092618
2015092700
2015092706
2015092712
2015092718
2015092800
2015092806
2015092812
2015092818
2015092900
2015092906
2015092912
2015092918
2015093000
2015093006
2015093012
2015093018
2015100100
2015100106
2015100112
2015100118
2015100200
2015100206
2015100212
2015100218
2015100300
2015100306
2015100312
2015100318
2015100400
2015100406
2015100412
2015100418
2015100500
2015100506
2015100512
2015100518
2015100600
2015100606
2015100612
2015100618
2015100700
2015100706
2015100712
2015100718
2015100800
2015100806
2015100812
2015100818
2015100900
2015100906
2015100912
2015100918
2015101000
2015101006
2015101012
2015101018
2015101100
2015101106
2015101112
2015101118
2015101200
2015101206
2015101212
2015101218
2015101300
2015101306
2015101312
2015101318
2015101400
2015101406
2015101412
2015101418
2015101500
2015101506
2015101512
2015101518
2015101600
2015101606
2015101612
2015101618
2015101700
2015101706
2015101712
2015101718
2015101800
2015101806
2015101812
2015101818
2015101900
2015101906
2015101912
2015101918
2015102000
2015102006
2015102012
2015102018
2015102100
2015102106
2015102112
2015102118
2015102200
2015102206
2015102212
2015102218
2015102300
2015102306
2015102312
2015102318
2015102400
2015102406
2015102412
2015102418
2015102500
2015102506
2015102512
2015102518
2015102600
2015102606
2015102612
2015102618
2015102700
2015102706
2015102712
2015102718
2015102800
2015102806
2015102812
2015102818
2015102900
2015102906
2015102912
2015102918
2015103000
2015103006
2015103012
2015103018
2015103100
2015103106
2015103112
2015103118
2015110100
2015110106
2015110112
2015110118
2015110200
2015110206
2015110212
2015110218
2015110300
2015110306
2015110312
2015110318
2015110400
2015110406
2015110412
2015110418
2015110500
2015110506
2015110512
2015110518
2015110600
2015110606
2015110612
2015110618
2015110700
2015110706
2015110712
2015110718
2015110800
2015110806
2015110812
2015110818
2015110900
2015110906
2015110912
2015110918
2015111000
2015111006
2015111012
2015111018
2015111100
2015111106
2015111112
2015111118
2015111200
2015111206
2015111212
2015111218
2015111300
2015111306
2015111312
2015111318
2015111400
2015111406
2015111412
2015111418
2015111500
2015111506
2015111512
2015111518
2015111600
2015111606
2015111612
2015111618
2015111700
2015111706
2015111712
2015111718
2015111800
2015111806
2015111812
2015111818
2015111900
2015111906
2015111912
2015111918
2015112000
2015112006
2015112012
2015112018
2015112100
2015112106
2015112112
2015112118
2015112200
2015112206
2015112212
2015112218
2015112300
2015112306
2015112312
2015112318
2015112400
2015112406
2015112412
2015112418
2015112500
2015112506
2015112512
2015112518
2015112600
2015112606
2015112612
2015112618
2015112700
2015112706
2015112712
2015112718
2015112800
2015112806
2015112812
2015112818
2015112900
2015112906
2015112912
2015112918
2015113000
2015113006
2015113012
2015113018
2015120100
2015120106
2015120112
2015120118
2015120200
2015120206
2015120212
2015120218
2015120300
2015120306
2015120312
2015120318
2015120400
2015120406
2015120412
2015120418
2015120500
2015120506
2015120512
2015120518
2015120600
2015120606
2015120612
2015120618
2015120700
2015120706
2015120712
2015120718
2015120800
2015120806
2015120812
2015120818
2015120900
2015120906
2015120912
2015120918
2015121000
2015121006
2015121012
2015121018
2015121100
2015121106
2015121112
2015121118
2015121200
2015121206
2015121212
2015121218
2015121300
2015121306
2015121312
2015121318
2015121400
2015121406
2015121412
2015121418
2015121500
2015121506
2015121512
2015121518
2015121600
2015121606
2015121612
2015121618
2015121700
2015121706
2015121712
2015121718
2015121800
2015121806
2015121812
2015121818
2015121900
2015121906
2015121912
2015121918
2015122000
2015122006
2015122012
2015122018
2015122100
2015122106
2015122112
2015122118
2015122200
2015122206
2015122212
2015122218
2015122300
2015122306
2015122312
2015122318
2015122400
2015122406
2015122412
2015122418
2015122500
2015122506
2015122512
2015122518
2015122600
2015122606
2015122612
2015122618
2015122700
2015122706
2015122712
2015122718
2015122800
2015122806
2015122812
2015122818
2015122900
2015122906
2015122912
2015122918
2015123000
2015123006
2015123012
2015123018
2015123100
2015123106
2015123112
2015123118
2016010100
2016010106
2016010112
2016010118
2016010200
2016010206
2016010212
2016010218
2016010300
2016010306
2016010312
2016010318
2016010400
2016010406
2016010412
2016010418
2016010500
2016010506
2016010512
2016010518
2016010600
2016010606
2016010612
2016010618
2016010700
2016010706
2016010712
2016010718
2016010800
2016010806
2016010812
2016010818
2016010900
2016010906
2016010912
2016010918
2016011000
2016011006
2016011012
2016011018
2016011100
2016011106
2016011112
2016011118
2016011200
2016011206
2016011212
2016011218
2016011300
2016011306
2016011312
2016011318
2016011400
2016011406
2016011412
2016011418
2016011500
2016011506
2016011512
2016011518
2016011600
2016011606
2016011612
2016011618
2016011700
2016011706
2016011712
2016011718
2016011800
2016011806
2016011812
2016011818
2016011900
2016011906
2016011912
2016011918
2016012000
2016012006
2016012012
2016012018
2016012100
2016012106
2016012112
2016012118
2016012200
2016012206
2016012212
2016012218
2016012300
2016012306
2016012312
2016012318
2016012400
2016012406
2016012412
2016012418
2016012500
2016012506
2016012512
2016012518
2016012600
2016012606
2016012612
2016012618
2016012700
2016012706
2016012712
2016012718
2016012800
2016012806
2016012812
2016012818
2016012900
2016012906
2016012912
2016012918
2016013000
2016013006
2016013012
2016013018
2016013100
2016013106
2016013112
2016013118
2016020100
2016020106
2016020112
2016020118
2016020200
2016020206
2016020212
2016020218
2016020300
2016020306
2016020312
2016020318
2016020400
2016020406
2016020412
2016020418
2016020500
2016020506
2016020512
2016020518
2016020600
2016020606
2016020612
2016020618
2016020700
2016020706
2016020712
2016020718
2016020800
2016020806
2016020812
2016020818
2016020900
2016020906
2016020912
2016020918
2016021000
2016021006
2016021012
2016021018
2016021100
2016021106
2016021112
2016021118
2016021200
2016021206
2016021212
2016021218
2016021300
2016021306
2016021312
2016021318
2016021400
2016021406
2016021412
2016021418
2016021500
2016021506
2016021512
2016021518
2016021600
2016021606
2016021612
2016021618
2016021700
2016021706
2016021712
2016021718
2016021800
2016021806
2016021812
2016021818
2016021900
2016021906
2016021912
2016021918
2016022000
2016022006
2016022012
2016022018
2016022100
2016022106
2016022112
2016022118
2016022200
2016022206
2016022212
2016022218
2016022300
2016022306
2016022312
2016022318
2016022400
2016022406
2016022412
2016022418
2016022500
2016022506
2016022512
2016022518
2016022600
2016022606
2016022612
2016022618
2016022700
2016022706
2016022712
2016022718
2016022800
2016022806
2016022812
2016022818
2016022900
2016022906
2016022912
2016022918
2016030100
2016030106
2016030112
2016030118
2016030200
2016030206
2016030212
2016030218
2016030300
2016030306
2016030312
2016030318
2016030400
2016030406
2016030412
2016030418
2016030500
2016030506
2016030512
2016030518
2016030600
2016030606
2016030612
2016030618
2016030700
2016030706
2016030712
2016030718
2016030800
2016030806
2016030812
2016030818
2016030900
2016030906
2016030912
2016030918
2016031000
2016031006
2016031012
2016031018
2016031100
2016031106
2016031112
2016031118
2016031200
2016031206
2016031212
2016031218
2016031300
2016031306
2016031312
2016031318
2016031400
2016031406
2016031412
2016031418
2016031500
2016031506
2016031512
2016031518
2016031600
2016031606
2016031612
2016031618
2016031700
2016031706
2016031712
2016031718
2016031800
2016031806
2016031812
2016031818
2016031900
2016031906
2016031912
2016031918
2016032000
2016032006
2016032012
2016032018
2016032100
2016032106
2016032112
2016032118
2016032200
2016032206
2016032212
2016032218
2016032300
2016032306
2016032312
2016032318
2016032400
2016032406
2016032412
2016032418
2016032500
2016032506
2016032512
2016032518
2016032600
2016032606
2016032612
2016032618
2016032700
2016032706
2016032712
2016032718
2016032800
2016032806
2016032812
2016032818
2016032900
2016032906
2016032912
2016032918
2016033000
2016033006
2016033012
2016033018
2016033100
2016033106
2016033112
2016033118
2016040100
2016040106
2016040112
2016040118
2016040200
2016040206
2016040212
2016040218
2016040300
2016040306
2016040312
2016040318
2016040400
2016040406
2016040412
2016040418
2016040500
2016040506
2016040512
2016040518
2016040600
2016040606
2016040612
2016040618
2016040700
2016040706
2016040712
2016040718
2016040800
2016040806
2016040812
2016040818
2016040900
2016040906
2016040912
2016040918
2016041000
2016041006
2016041012
2016041018
2016041100
2016041106
2016041112
2016041118
2016041200
2016041206
2016041212
2016041218
2016041300
2016041306
2016041312
2016041318
2016041400
2016041406
2016041412
2016041418
2016041500
2016041506
2016041512
2016041518
2016041600
2016041606
2016041612
2016041618
2016041700
2016041706
2016041712
2016041718
2016041800
2016041806
2016041812
2016041818
2016041900
2016041906
2016041912
2016041918
2016042000
2016042006
2016042012
2016042018
2016042100
2016042106
2016042112
2016042118
2016042200
2016042206
2016042212
2016042218
2016042300
2016042306
2016042312
2016042318
2016042400
2016042406
2016042412
2016042418
2016042500
2016042506
2016042512
2016042518
2016042600
2016042606
2016042612
2016042618
2016042700
2016042706
2016042712
2016042718
2016042800
2016042806
2016042812
2016042818
2016042900
2016042906
2016042912
2016042918
2016043000
2016043006
2016043012
2016043018
2016050100
2016050106
2016050112
2016050118
2016050200
2016050206
2016050212
2016050218
2016050300
2016050306
2016050312
2016050318
2016050400
2016050406
2016050412
2016050418
2016050500
2016050506
2016050512
2016050518
2016050600
2016050606
2016050612
2016050618
2016050700
2016050706
2016050712
2016050718
2016050800
2016050806
2016050812
2016050818
2016050900
2016050906
2016050912
2016050918
2016051000
2016051006
2016051012
2016051018
2016051100
2016051106
2016051112
2016051118
2016051200
2016051206
2016051212
2016051218
2016051300
2016051306
2016051312
2016051318
2016051400
2016051406
2016051412
2016051418
2016051500
2016051506
2016051512
2016051518
2016051600
2016051606
2016051612
2016051618
2016051700
2016051706
2016051712
2016051718
2016051800
2016051806
2016051812
2016051818
2016051900
2016051906
2016051912
2016051918
2016052000
2016052006
2016052012
2016052018
2016052100
2016052106
2016052112
2016052118
2016052200
2016052206
2016052212
2016052218
2016052300
2016052306
2016052312
2016052318
2016052400
2016052406
2016052412
2016052418
2016052500
2016052506
2016052512
2016052518
2016052600
2016052606
2016052612
2016052618
2016052700
2016052706
2016052712
2016052718
2016052800
2016052806
2016052812
2016052818
2016052900
2016052906
2016052912
2016052918
2016053000
2016053006
2016053012
2016053018
2016053100
2016053106
2016053112
2016053118
2016060100
2016060106
2016060112
2016060118
2016060200
2016060206
2016060212
2016060218
2016060300
2016060306
2016060312
2016060318
2016060400
2016060406
2016060412
2016060418
2016060500
2016060506
2016060512
2016060518
2016060600
2016060606
2016060612
2016060618
2016060700
2016060706
2016060712
2016060718
2016060800
2016060806
2016060812
2016060818
2016060900
2016060906
2016060912
2016060918
2016061000
2016061006
2016061012
2016061018
2016061100
2016061106
2016061112
2016061118
2016061200
2016061206
2016061212
2016061218
2016061300
2016061306
2016061312
2016061318
2016061400
2016061406
2016061412
2016061418
2016061500
2016061506
2016061512
2016061518
2016061600
2016061606
2016061612
2016061618
2016061700
2016061706
2016061712
2016061718
2016061800
2016061806
2016061812
2016061818
2016061900
2016061906
2016061912
2016061918
2016062000
2016062006
2016062012
2016062018
2016062100
2016062106
2016062112
2016062118
2016062200
2016062206
2016062212
2016062218
2016062300
2016062306
2016062312
2016062318
2016062400
2016062406
2016062412
2016062418
2016062500
2016062506
2016062512
2016062518
2016062600
2016062606
2016062612
2016062618
2016062700
2016062706
2016062712
2016062718
2016062800
2016062806
2016062812
2016062818
2016062900
2016062906
2016062912
2016062918
2016063000
2016063006
2016063012
2016063018
2016070100
2016070106
2016070112
2016070118
2016070200
2016070206
2016070212
2016070218
2016070300
2016070306
2016070312
2016070318
2016070400
2016070406
2016070412
2016070418
2016070500
2016070506
2016070512
2016070518
2016070600
2016070606
2016070612
2016070618
2016070700
2016070706
2016070712
2016070718
2016070800
2016070806
2016070812
2016070818
2016070900
2016070906
2016070912
2016070918
2016071000
2016071006
2016071012
2016071018
2016071100
2016071106
2016071112
2016071118
2016071200
2016071206
2016071212
2016071218
2016071300
2016071306
2016071312
2016071318
2016071400
2016071406
2016071412
2016071418
2016071500
2016071506
2016071512
2016071518
2016071600
2016071606
2016071612
2016071618
2016071700
2016071706
2016071712
2016071718
2016071800
2016071806
2016071812
2016071818
2016071900
2016071906
2016071912
2016071918
2016072000
2016072006
2016072012
2016072018
2016072100
2016072106
2016072112
2016072118
2016072200
2016072206
2016072212
2016072218
2016072300
2016072306
2016072312
2016072318
2016072400
2016072406
2016072412
2016072418
2016072500
2016072506
2016072512
2016072518
2016072600
2016072606
2016072612
2016072618
2016072700
2016072706
2016072712
2016072718
2016072800
2016072806
2016072812
2016072818
2016072900
2016072906
2016072912
2016072918
2016073000
2016073006
2016073012
2016073018
2016073100
2016073106
2016073112
2016073118
2016080100
2016080106
2016080112
2016080118
2016080200
2016080206
2016080212
2016080218
2016080300
2016080306
2016080312
2016080318
2016080400
2016080406
2016080412
2016080418
2016080500
2016080506
2016080512
2016080518
2016080600
2016080606
2016080612
2016080618
2016080700
2016080706
2016080712
2016080718
2016080800
2016080806
2016080812
2016080818
2016080900
2016080906
2016080912
2016080918
2016081000
2016081006
2016081012
2016081018
2016081100
2016081106
2016081112
2016081118
2016081200
2016081206
2016081212
2016081218
2016081300
2016081306
2016081312
2016081318
2016081400
2016081406
2016081412
2016081418
2016081500
2016081506
2016081512
2016081518
2016081600
2016081606
2016081612
2016081618
2016081700
2016081706
2016081712
2016081718
2016081800
2016081806
2016081812
2016081818
2016081900
2016081906
2016081912
2016081918
2016082000
2016082006
2016082012
2016082018
2016082100
2016082106
2016082112
2016082118
2016082200
2016082206
2016082212
2016082218
2016082300
2016082306
2016082312
2016082318
2016082400
2016082406
2016082412
2016082418
2016082500
2016082506
2016082512
2016082518
2016082600
2016082606
2016082612
2016082618
2016082700
2016082706
2016082712
2016082718
2016082800
2016082806
2016082812
2016082818
2016082900
2016082906
2016082912
2016082918
2016083000
2016083006
2016083012
2016083018
2016083100
2016083106
2016083112
2016083118
2016090100
2016090106
2016090112
2016090118
2016090200
2016090206
2016090212
2016090218
2016090300
2016090306
2016090312
2016090318
2016090400
2016090406
2016090412
2016090418
2016090500
2016090506
2016090512
2016090518
2016090600
2016090606
2016090612
2016090618
2016090700
2016090706
2016090712
2016090718
2016090800
2016090806
2016090812
2016090818
2016090900
2016090906
2016090912
2016090918
2016091000
2016091006
2016091012
2016091018
2016091100
2016091106
2016091112
2016091118
2016091200
2016091206
2016091212
2016091218
2016091300
2016091306
2016091312
2016091318
2016091400
2016091406
2016091412
2016091418
2016091500
2016091506
2016091512
2016091518
2016091600
2016091606
2016091612
2016091618
2016091700
2016091706
2016091712
2016091718
2016091800
2016091806
2016091812
2016091818
2016091900
2016091906
2016091912
2016091918
2016092000
2016092006
2016092012
2016092018
2016092100
2016092106
2016092112
2016092118
2016092200
2016092206
2016092212
2016092218
2016092300
2016092306
2016092312
2016092318
2016092400
2016092406
2016092412
2016092418
2016092500
2016092506
2016092512
2016092518
2016092600
2016092606
2016092612
2016092618
2016092700
2016092706
2016092712
2016092718
2016092800
2016092806
2016092812
2016092818
2016092900
2016092906
2016092912
2016092918
2016093000
2016093006
2016093012
2016093018
2016100100
2016100106
2016100112
2016100118
2016100200
2016100206
2016100212
2016100218
2016100300
2016100306
2016100312
2016100318
2016100400
2016100406
2016100412
2016100418
2016100500
2016100506
2016100512
2016100518
2016100600
2016100606
2016100612
2016100618
2016100700
2016100706
2016100712
2016100718
2016100800
2016100806
2016100812
2016100818
2016100900
2016100906
2016100912
2016100918
2016101000
2016101006
2016101012
2016101018
2016101100
2016101106
2016101112
2016101118
2016101200
2016101206
2016101212
2016101218
2016101300
2016101306
2016101312
2016101318
2016101400
2016101406
2016101412
2016101418
2016101500
2016101506
2016101512
2016101518
2016101600
2016101606
2016101612
2016101618
2016101700
2016101706
2016101712
2016101718
2016101800
2016101806
2016101812
2016101818
2016101900
2016101906
2016101912
2016101918
2016102000
2016102006
2016102012
2016102018
2016102100
2016102106
2016102112
2016102118
2016102200
2016102206
2016102212
2016102218
2016102300
2016102306
2016102312
2016102318
2016102400
2016102406
2016102412
2016102418
2016102500
2016102506
2016102512
2016102518
2016102600
2016102606
2016102612
2016102618
2016102700
2016102706
2016102712
2016102718
2016102800
2016102806
2016102812
2016102818
2016102900
2016102906
2016102912
2016102918
2016103000
2016103006
2016103012
2016103018
2016103100
2016103106
2016103112
2016103118
2016110100
2016110106
2016110112
2016110118
2016110200
2016110206
2016110212
2016110218
2016110300
2016110306
2016110312
2016110318
2016110400
2016110406
2016110412
2016110418
2016110500
2016110506
2016110512
2016110518
2016110600
2016110606
2016110612
2016110618
2016110700
2016110706
2016110712
2016110718
2016110800
2016110806
2016110812
2016110818
2016110900
2016110906
2016110912
2016110918
2016111000
2016111006
2016111012
2016111018
2016111100
2016111106
2016111112
2016111118
2016111200
2016111206
2016111212
2016111218
2016111300
2016111306
2016111312
2016111318
2016111400
2016111406
2016111412
2016111418
2016111500
2016111506
2016111512
2016111518
2016111600
2016111606
2016111612
2016111618
2016111700
2016111706
2016111712
2016111718
2016111800
2016111806
2016111812
2016111818
2016111900
2016111906
2016111912
2016111918
2016112000
2016112006
2016112012
2016112018
2016112100
2016112106
2016112112
2016112118
2016112200
2016112206
2016112212
2016112218
2016112300
2016112306
2016112312
2016112318
2016112400
2016112406
2016112412
2016112418
2016112500
2016112506
2016112512
2016112518
2016112600
2016112606
2016112612
2016112618
2016112700
2016112706
2016112712
2016112718
2016112800
2016112806
2016112812
2016112818
2016112900
2016112906
2016112912
2016112918
2016113000
2016113006
2016113012
2016113018
2016120100
2016120106
2016120112
2016120118
2016120200
2016120206
2016120212
2016120218
2016120300
2016120306
2016120312
2016120318
2016120400
2016120406
2016120412
2016120418
2016120500
2016120506
2016120512
2016120518
2016120600
2016120606
2016120612
2016120618
2016120700
2016120706
2016120712
2016120718
2016120800
2016120806
2016120812
2016120818
2016120900
2016120906
2016120912
2016120918
2016121000
2016121006
2016121012
2016121018
2016121100
2016121106
2016121112
2016121118
2016121200
2016121206
2016121212
2016121218
2016121300
2016121306
2016121312
2016121318
2016121400
2016121406
2016121412
2016121418
2016121500
2016121506
2016121512
2016121518
2016121600
2016121606
2016121612
2016121618
2016121700
2016121706
2016121712
2016121718
2016121800
2016121806
2016121812
2016121818
2016121900
2016121906
2016121912
2016121918
2016122000
2016122006
2016122012
2016122018
2016122100
2016122106
2016122112
2016122118
2016122200
2016122206
2016122212
2016122218
2016122300
2016122306
2016122312
2016122318
2016122400
2016122406
2016122412
2016122418
2016122500
2016122506
2016122512
2016122518
2016122600
2016122606
2016122612
2016122618
2016122700
2016122706
2016122712
2016122718
2016122800
2016122806
2016122812
2016122818
2016122900
2016122906
2016122912
2016122918
2016123000
2016123006
2016123012
2016123018
2016123100
2016123106
2016123112
2016123118
2017010100
2017010106
2017010112
2017010118
2017010200
2017010206
2017010212
2017010218
2017010300
2017010306
2017010312
2017010318
2017010400
2017010406
2017010412
2017010418
2017010500
2017010506
2017010512
2017010518
2017010600
2017010606
2017010612
2017010618
2017010700
2017010706
2017010712
2017010718
2017010800
2017010806
2017010812
2017010818
2017010900
2017010906
2017010912
2017010918
2017011000
2017011006
2017011012
2017011018
2017011100
2017011106
2017011112
2017011118
2017011200
2017011206
2017011212
2017011218
2017011300
2017011306
2017011312
2017011318
2017011400
2017011406
2017011412
2017011418
2017011500
2017011506
2017011512
2017011518
2017011600
2017011606
2017011612
2017011618
2017011700
2017011706
2017011712
2017011718
2017011800
2017011806
2017011812
2017011818
2017011900
2017011906
2017011912
2017011918
2017012000
2017012006
2017012012
2017012018
2017012100
2017012106
2017012112
2017012118
2017012200
2017012206
2017012212
2017012218
2017012300
2017012306
2017012312
2017012318
2017012400
2017012406
2017012412
2017012418
2017012500
2017012506
2017012512
2017012518
2017012600
2017012606
2017012612
2017012618
2017012700
2017012706
2017012712
2017012718
2017012800
2017012806
2017012812
2017012818
2017012900
2017012906
2017012912
2017012918
2017013000
2017013006
2017013012
2017013018
2017013100
2017013106
2017013112
2017013118
2017020100
2017020106
2017020112
2017020118
2017020200
2017020206
2017020212
2017020218
2017020300
2017020306
2017020312
2017020318
2017020400
2017020406
2017020412
2017020418
2017020500
2017020506
2017020512
2017020518
2017020600
2017020606
2017020612
2017020618
2017020700
2017020706
2017020712
2017020718
2017020800
2017020806
2017020812
2017020818
2017020900
2017020906
2017020912
2017020918
2017021000
2017021006
2017021012
2017021018
2017021100
2017021106
2017021112
2017021118
2017021200
2017021206
2017021212
2017021218
2017021300
2017021306
2017021312
2017021318
2017021400
2017021406
2017021412
2017021418
2017021500
2017021506
2017021512
2017021518
2017021600
2017021606
2017021612
2017021618
2017021700
2017021706
2017021712
2017021718
2017021800
2017021806
2017021812
2017021818
2017021900
2017021906
2017021912
2017021918
2017022000
2017022006
2017022012
2017022018
2017022100
2017022106
2017022112
2017022118
2017022200
2017022206
2017022212
2017022218
2017022300
2017022306
2017022312
2017022318
2017022400
2017022406
2017022412
2017022418
2017022500
2017022506
2017022512
2017022518
2017022600
2017022606
2017022612
2017022618
2017022700
2017022706
2017022712
2017022718
2017022800
2017022806
2017022812
2017022818
2017030100
2017030106
2017030112
2017030118
2017030200
2017030206
2017030212
2017030218
2017030300
2017030306
2017030312
2017030318
2017030400
2017030406
2017030412
2017030418
2017030500
2017030506
2017030512
2017030518
2017030600
2017030606
2017030612
2017030618
2017030700
2017030706
2017030712
2017030718
2017030800
2017030806
2017030812
2017030818
2017030900
2017030906
2017030912
2017030918
2017031000
2017031006
2017031012
2017031018
2017031100
2017031106
2017031112
2017031118
2017031200
2017031206
2017031212
2017031218
2017031300
2017031306
2017031312
2017031318
2017031400
2017031406
2017031412
2017031418
2017031500
2017031506
2017031512
2017031518
2017031600
2017031606
2017031612
2017031618
2017031700
2017031706
2017031712
2017031718
2017031800
2017031806
2017031812
2017031818
2017031900
2017031906
2017031912
2017031918
2017032000
2017032006
2017032012
2017032018
2017032100
2017032106
2017032112
2017032118
2017032200
2017032206
2017032212
2017032218
2017032300
2017032306
2017032312
2017032318
2017032400
2017032406
2017032412
2017032418
2017032500
2017032506
2017032512
2017032518
2017032600
2017032606
2017032612
2017032618
2017032700
2017032706
2017032712
2017032718
2017032800
2017032806
2017032812
2017032818
2017032900
2017032906
2017032912
2017032918
2017033000
2017033006
2017033012
2017033018
2017033100
2017033106
2017033112
2017033118
2017040100
2017040106
2017040112
2017040118
2017040200
2017040206
2017040212
2017040218
2017040300
2017040306
2017040312
2017040318
2017040400
2017040406
2017040412
2017040418
2017040500
2017040506
2017040512
2017040518
2017040600
2017040606
2017040612
2017040618
2017040700
2017040706
2017040712
2017040718
2017040800
2017040806
2017040812
2017040818
2017040900
2017040906
2017040912
2017040918
2017041000
2017041006
2017041012
2017041018
2017041100
2017041106
2017041112
2017041118
2017041200
2017041206
2017041212
2017041218
2017041300
2017041306
2017041312
2017041318
2017041400
2017041406
2017041412
2017041418
2017041500
2017041506
2017041512
2017041518
2017041600
2017041606
2017041612
2017041618
2017041700
2017041706
2017041712
2017041718
2017041800
2017041806
2017041812
2017041818
2017041900
2017041906
2017041912
2017041918
2017042000
2017042006
2017042012
2017042018
2017042100
2017042106
2017042112
2017042118
2017042200
2017042206
2017042212
2017042218
2017042300
2017042306
2017042312
2017042318
2017042400
2017042406
2017042412
2017042418
2017042500
2017042506
2017042512
2017042518
2017042600
2017042606
2017042612
2017042618
2017042700
2017042706
2017042712
2017042718
2017042800
2017042806
2017042812
2017042818
2017042900
2017042906
2017042912
2017042918
2017043000
2017043006
2017043012
2017043018
2017050100
2017050106
2017050112
2017050118
2017050200
2017050206
2017050212
2017050218
2017050300
2017050306
2017050312
2017050318
2017050400
2017050406
2017050412
2017050418
2017050500
2017050506
2017050512
2017050518
2017050600
2017050606
2017050612
2017050618
2017050700
2017050706
2017050712
2017050718
2017050800
2017050806
2017050812
2017050818
2017050900
2017050906
2017050912
2017050918
2017051000
2017051006
2017051012
2017051018
2017051100
2017051106
2017051112
2017051118
2017051200
2017051206
2017051212
2017051218
2017051300
2017051306
2017051312
2017051318
2017051400
2017051406
2017051412
2017051418
2017051500
2017051506
2017051512
2017051518
2017051600
2017051606
2017051612
2017051618
2017051700
2017051706
2017051712
2017051718
2017051800
2017051806
2017051812
2017051818
2017051900
2017051906
2017051912
2017051918
2017052000
2017052006
2017052012
2017052018
2017052100
2017052106
2017052112
2017052118
2017052200
2017052206
2017052212
2017052218
2017052300
2017052306
2017052312
2017052318
2017052400
2017052406
2017052412
2017052418
2017052500
2017052506
2017052512
2017052518
2017052600
2017052606
2017052612
2017052618
2017052700
2017052706
2017052712
2017052718
2017052800
2017052806
2017052812
2017052818
2017052900
2017052906
2017052912
2017052918
2017053000
2017053006
2017053012
2017053018
2017053100
2017053106
2017053112
2017053118
2017060100
2017060106
2017060112
2017060118
2017060200
2017060206
2017060212
2017060218
2017060300
2017060306
2017060312
2017060318
2017060400
2017060406
2017060412
2017060418
2017060500
2017060506
2017060512
2017060518
2017060600
2017060606
2017060612
2017060618
2017060700
2017060706
2017060712
2017060718
2017060800
2017060806
2017060812
2017060818
2017060900
2017060906
2017060912
2017060918
2017061000
2017061006
2017061012
2017061018
2017061100
2017061106
2017061112
2017061118
2017061200
2017061206
2017061212
2017061218
2017061300
2017061306
2017061312
2017061318
2017061400
2017061406
2017061412
2017061418
2017061500
2017061506
2017061512
2017061518
2017061600
2017061606
2017061612
2017061618
2017061700
2017061706
2017061712
2017061718
2017061800
2017061806
2017061812
2017061818
2017061900
2017061906
2017061912
2017061918
2017062000
2017062006
2017062012
2017062018
2017062100
2017062106
2017062112
2017062118
2017062200
2017062206
2017062212
2017062218
2017062300
2017062306
2017062312
2017062318
2017062400
2017062406
2017062412
2017062418
2017062500
2017062506
2017062512
2017062518
2017062600
2017062606
2017062612
2017062618
2017062700
2017062706
2017062712
2017062718
2017062800
2017062806
2017062812
2017062818
2017062900
2017062906
2017062912
2017062918
2017063000
2017063006
2017063012
2017063018
2017070100
2017070106
2017070112
2017070118
2017070200
2017070206
2017070212
2017070218
2017070300
2017070306
2017070312
2017070318
2017070400
2017070406
2017070412
2017070418
2017070500
2017070506
2017070512
2017070518
2017070600
2017070606
2017070612
2017070618
2017070700
2017070706
2017070712
2017070718
2017070800
2017070806
2017070812
2017070818
2017070900
2017070906
2017070912
2017070918
2017071000
2017071006
2017071012
2017071018
2017071100
2017071106
2017071112
2017071118
2017071200
2017071206
2017071212
2017071218
2017071300
2017071306
2017071312
2017071318
2017071400
2017071406
2017071412
2017071418
2017071500
2017071506
2017071512
2017071518
2017071600
2017071606
2017071612
2017071618
2017071700
2017071706
2017071712
2017071718
2017071800
2017071806
2017071812
2017071818
2017071900
2017071906
2017071912
2017071918
2017072000
2017072006
2017072012
2017072018
2017072100
2017072106
2017072112
2017072118
2017072200
2017072206
2017072212
2017072218
2017072300
2017072306
2017072312
2017072318
2017072400
2017072406
2017072412
2017072418
2017072500
2017072506
2017072512
2017072518
2017072600
2017072606
2017072612
2017072618
2017072700
2017072706
2017072712
2017072718
2017072800
2017072806
2017072812
2017072818
2017072900
2017072906
2017072912
2017072918
2017073000
2017073006
2017073012
2017073018
2017073100
2017073106
2017073112
2017073118
2017080100
2017080106
2017080112
2017080118
2017080200
2017080206
2017080212
2017080218
2017080300
2017080306
2017080312
2017080318
2017080400
2017080406
2017080412
2017080418
2017080500
2017080506
2017080512
2017080518
2017080600
2017080606
2017080612
2017080618
2017080700
2017080706
2017080712
2017080718
2017080800
2017080806
2017080812
2017080818
2017080900
2017080906
2017080912
2017080918
2017081000
2017081006
2017081012
2017081018
2017081100
2017081106
2017081112
2017081118
2017081200
2017081206
2017081212
2017081218
2017081300
2017081306
2017081312
2017081318
2017081400
2017081406
2017081412
2017081418
2017081500
2017081506
2017081512
2017081518
2017081600
2017081606
2017081612
2017081618
2017081700
2017081706
2017081712
2017081718
2017081800
2017081806
2017081812
2017081818
2017081900
2017081906
2017081912
2017081918
2017082000
2017082006
2017082012
2017082018
2017082100
2017082106
2017082112
2017082118
2017082200
2017082206
2017082212
2017082218
2017082300
2017082306
2017082312
2017082318
2017082400
2017082406
2017082412
2017082418
2017082500
2017082506
2017082512
2017082518
2017082600
2017082606
2017082612
2017082618
2017082700
2017082706
2017082712
2017082718
2017082800
2017082806
2017082812
2017082818
2017082900
2017082906
2017082912
2017082918
2017083000
2017083006
2017083012
2017083018
2017083100
2017083106
2017083112
2017083118
2017090100
2017090106
2017090112
2017090118
2017090200
2017090206
2017090212
2017090218
2017090300
2017090306
2017090312
2017090318
2017090400
2017090406
2017090412
2017090418
2017090500
2017090506
2017090512
2017090518
2017090600
2017090606
2017090612
2017090618
2017090700
2017090706
2017090712
2017090718
2017090800
2017090806
2017090812
2017090818
2017090900
2017090906
2017090912
2017090918
2017091000
2017091006
2017091012
2017091018
2017091100
2017091106
2017091112
2017091118
2017091200
2017091206
2017091212
2017091218
2017091300
2017091306
2017091312
2017091318
2017091400
2017091406
2017091412
2017091418
2017091500
2017091506
2017091512
2017091518
2017091600
2017091606
2017091612
2017091618
2017091700
2017091706
2017091712
2017091718
2017091800
2017091806
2017091812
2017091818
2017091900
2017091906
2017091912
2017091918
2017092000
2017092006
2017092012
2017092018
2017092100
2017092106
2017092112
2017092118
2017092200
2017092206
2017092212
2017092218
2017092300
2017092306
2017092312
2017092318
2017092400
2017092406
2017092412
2017092418
2017092500
2017092506
2017092512
2017092518
2017092600
2017092606
2017092612
2017092618
2017092700
2017092706
2017092712
2017092718
2017092800
2017092806
2017092812
2017092818
2017092900
2017092906
2017092912
2017092918
2017093000
2017093006
2017093012
2017093018
2017100100
2017100106
2017100112
2017100118
2017100200
2017100206
2017100212
2017100218
2017100300
2017100306
2017100312
2017100318
2017100400
2017100406
2017100412
2017100418
2017100500
2017100506
2017100512
2017100518
2017100600
2017100606
2017100612
2017100618
2017100700
2017100706
2017100712
2017100718
2017100800
2017100806
2017100812
2017100818
2017100900
2017100906
2017100912
2017100918
2017101000
2017101006
2017101012
2017101018
2017101100
2017101106
2017101112
2017101118
2017101200
2017101206
2017101212
2017101218
2017101300
2017101306
2017101312
2017101318
2017101400
2017101406
2017101412
2017101418
2017101500
2017101506
2017101512
2017101518
2017101600
2017101606
2017101612
2017101618
2017101700
2017101706
2017101712
2017101718
2017101800
2017101806
2017101812
2017101818
2017101900
2017101906
2017101912
2017101918
2017102000
2017102006
2017102012
2017102018
2017102100
2017102106
2017102112
2017102118
2017102200
2017102206
2017102212
2017102218
2017102300
2017102306
2017102312
2017102318
2017102400
2017102406
2017102412
2017102418
2017102500
2017102506
2017102512
2017102518
2017102600
2017102606
2017102612
2017102618
2017102700
2017102706
2017102712
2017102718
2017102800
2017102806
2017102812
2017102818
2017102900
2017102906
2017102912
2017102918
2017103000
2017103006
2017103012
2017103018
2017103100
2017103106
2017103112
2017103118
2017110100
2017110106
2017110112
2017110118
2017110200
2017110206
2017110212
2017110218
2017110300
2017110306
2017110312
2017110318
2017110400
2017110406
2017110412
2017110418
2017110500
2017110506
2017110512
2017110518
2017110600
2017110606
2017110612
2017110618
2017110700
2017110706
2017110712
2017110718
2017110800
2017110806
2017110812
2017110818
2017110900
2017110906
2017110912
2017110918
2017111000
2017111006
2017111012
2017111018
2017111100
2017111106
2017111112
2017111118
2017111200
2017111206
2017111212
2017111218
2017111300
2017111306
2017111312
2017111318
2017111400
2017111406
2017111412
2017111418
2017111500
2017111506
2017111512
2017111518
2017111600
2017111606
2017111612
2017111618
2017111700
2017111706
2017111712
2017111718
2017111800
2017111806
2017111812
2017111818
2017111900
2017111906
2017111912
2017111918
2017112000
2017112006
2017112012
2017112018
2017112100
2017112106
2017112112
2017112118
2017112200
2017112206
2017112212
2017112218
2017112300
2017112306
2017112312
2017112318
2017112400
2017112406
2017112412
2017112418
2017112500
2017112506
2017112512
2017112518
2017112600
2017112606
2017112612
2017112618
2017112700
2017112706
2017112712
2017112718
2017112800
2017112806
2017112812
2017112818
2017112900
2017112906
2017112912
2017112918
2017113000
2017113006
2017113012
2017113018
2017120100
2017120106
2017120112
2017120118
2017120200
2017120206
2017120212
2017120218
2017120300
2017120306
2017120312
2017120318
2017120400
2017120406
2017120412
2017120418
2017120500
2017120506
2017120512
2017120518
2017120600
2017120606
2017120612
2017120618
2017120700
2017120706
2017120712
2017120718
2017120800
2017120806
2017120812
2017120818
2017120900
2017120906
2017120912
2017120918
2017121000
2017121006
2017121012
2017121018
2017121100
2017121106
2017121112
2017121118
2017121200
2017121206
2017121212
2017121218
2017121300
2017121306
2017121312
2017121318
2017121400
2017121406
2017121412
2017121418
2017121500
2017121506
2017121512
2017121518
2017121600
2017121606
2017121612
2017121618
2017121700
2017121706
2017121712
2017121718
2017121800
2017121806
2017121812
2017121818
2017121900
2017121906
2017121912
2017121918
2017122000
2017122006
2017122012
2017122018
2017122100
2017122106
2017122112
2017122118
2017122200
2017122206
2017122212
2017122218
2017122300
2017122306
2017122312
2017122318
2017122400
2017122406
2017122412
2017122418
2017122500
2017122506
2017122512
2017122518
2017122600
2017122606
2017122612
2017122618
2017122700
2017122706
2017122712
2017122718
2017122800
2017122806
2017122812
2017122818
2017122900
2017122906
2017122912
2017122918
2017123000
2017123006
2017123012
2017123018
2017123100
2017123106
2017123112
2017123118
2018010100
2018010106
2018010112
2018010118
2018010200
2018010206
2018010212
2018010218
2018010300
2018010306
2018010312
2018010318
2018010400
2018010406
2018010412
2018010418
2018010500
2018010506
2018010512
2018010518
2018010600
2018010606
2018010612
2018010618
2018010700
2018010706
2018010712
2018010718
2018010800
2018010806
2018010812
2018010818
2018010900
2018010906
2018010912
2018010918
2018011000
2018011006
2018011012
2018011018
2018011100
2018011106
2018011112
2018011118
2018011200
2018011206
2018011212
2018011218
2018011300
2018011306
2018011312
2018011318
2018011400
2018011406
2018011412
2018011418
2018011500
2018011506
2018011512
2018011518
2018011600
2018011606
2018011612
2018011618
2018011700
2018011706
2018011712
2018011718
2018011800
2018011806
2018011812
2018011818
2018011900
2018011906
2018011912
2018011918
2018012000
2018012006
2018012012
2018012018
2018012100
2018012106
2018012112
2018012118
2018012200
2018012206
2018012212
2018012218
2018012300
2018012306
2018012312
2018012318
2018012400
2018012406
2018012412
2018012418
2018012500
2018012506
2018012512
2018012518
2018012600
2018012606
2018012612
2018012618
2018012700
2018012706
2018012712
2018012718
2018012800
2018012806
2018012812
2018012818
2018012900
2018012906
2018012912
2018012918
2018013000
2018013006
2018013012
2018013018
2018013100
2018013106
2018013112
2018013118
2018020100
2018020106
2018020112
2018020118
2018020200
2018020206
2018020212
2018020218
2018020300
2018020306
2018020312
2018020318
2018020400
2018020406
2018020412
2018020418
2018020500
2018020506
2018020512
2018020518
2018020600
2018020606
2018020612
2018020618
2018020700
2018020706
2018020712
2018020718
2018020800
2018020806
2018020812
2018020818
2018020900
2018020906
2018020912
2018020918
2018021000
2018021006
2018021012
2018021018
2018021100
2018021106
2018021112
2018021118
2018021200
2018021206
2018021212
2018021218
2018021300
2018021306
2018021312
2018021318
2018021400
2018021406
2018021412
2018021418
2018021500
2018021506
2018021512
2018021518
2018021600
2018021606
2018021612
2018021618
2018021700
2018021706
2018021712
2018021718
2018021800
2018021806
2018021812
2018021818
2018021900
2018021906
2018021912
2018021918
2018022000
2018022006
2018022012
2018022018
2018022100
2018022106
2018022112
2018022118
2018022200
2018022206
2018022212
2018022218
2018022300
2018022306
2018022312
2018022318
2018022400
2018022406
2018022412
2018022418
2018022500
2018022506
2018022512
2018022518
2018022600
2018022606
2018022612
2018022618
2018022700
2018022706
2018022712
2018022718
2018022800
2018022806
2018022812
2018022818
2018030100
2018030106
2018030112
2018030118
2018030200
2018030206
2018030212
2018030218
2018030300
2018030306
2018030312
2018030318
2018030400
2018030406
2018030412
2018030418
2018030500
2018030506
2018030512
2018030518
2018030600
2018030606
2018030612
2018030618
2018030700
2018030706
2018030712
2018030718
2018030800
2018030806
2018030812
2018030818
2018030900
2018030906
2018030912
2018030918
2018031000
2018031006
2018031012
2018031018
2018031100
2018031106
2018031112
2018031118
2018031200
2018031206
2018031212
2018031218
2018031300
2018031306
2018031312
2018031318
2018031400
2018031406
2018031412
2018031418
2018031500
2018031506
2018031512
2018031518
2018031600
2018031606
2018031612
2018031618
2018031700
2018031706
2018031712
2018031718
2018031800
2018031806
2018031812
2018031818
2018031900
2018031906
2018031912
2018031918
2018032000
2018032006
2018032012
2018032018
2018032100
2018032106
2018032112
2018032118
2018032200
2018032206
2018032212
2018032218
2018032300
2018032306
2018032312
2018032318
2018032400
2018032406
2018032412
2018032418
2018032500
2018032506
2018032512
2018032518
2018032600
2018032606
2018032612
2018032618
2018032700
2018032706
2018032712
2018032718
2018032800
2018032806
2018032812
2018032818
2018032900
2018032906
2018032912
2018032918
2018033000
2018033006
2018033012
2018033018
2018033100
2018033106
2018033112
2018033118
2018040100
2018040106
2018040112
2018040118
2018040200
2018040206
2018040212
2018040218
2018040300
2018040306
2018040312
2018040318
2018040400
2018040406
2018040412
2018040418
2018040500
2018040506
2018040512
2018040518
2018040600
2018040606
2018040612
2018040618
2018040700
2018040706
2018040712
2018040718
2018040800
2018040806
2018040812
2018040818
2018040900
2018040906
2018040912
2018040918
2018041000
2018041006
2018041012
2018041018
2018041100
2018041106
2018041112
2018041118
2018041200
2018041206
2018041212
2018041218
2018041300
2018041306
2018041312
2018041318
2018041400
2018041406
2018041412
2018041418
2018041500
2018041506
2018041512
2018041518
2018041600
2018041606
2018041612
2018041618
2018041700
2018041706
2018041712
2018041718
2018041800
2018041806
2018041812
2018041818
2018041900
2018041906
2018041912
2018041918
2018042000
2018042006
2018042012
2018042018
2018042100
2018042106
2018042112
2018042118
2018042200
2018042206
2018042212
2018042218
2018042300
2018042306
2018042312
2018042318
2018042400
2018042406
2018042412
2018042418
2018042500
2018042506
2018042512
2018042518
2018042600
2018042606
2018042612
2018042618
2018042700
2018042706
2018042712
2018042718
2018042800
2018042806
2018042812
2018042818
2018042900
2018042906
2018042912
2018042918
2018043000
2018043006
2018043012
2018043018
2018050100
2018050106
2018050112
2018050118
2018050200
2018050206
2018050212
2018050218
2018050300
2018050306
2018050312
2018050318
2018050400
2018050406
2018050412
2018050418
2018050500
2018050506
2018050512
2018050518
2018050600
2018050606
2018050612
2018050618
2018050700
2018050706
2018050712
2018050718
2018050800
2018050806
2018050812
2018050818
2018050900
2018050906
2018050912
2018050918
2018051000
2018051006
2018051012
2018051018
2018051100
2018051106
2018051112
2018051118
2018051200
2018051206
2018051212
2018051218
2018051300
2018051306
2018051312
2018051318
2018051400
2018051406
2018051412
2018051418
2018051500
2018051506
2018051512
2018051518
2018051600
2018051606
2018051612
2018051618
2018051700
2018051706
2018051712
2018051718
2018051800
2018051806
2018051812
2018051818
2018051900
2018051906
2018051912
2018051918
2018052000
2018052006
2018052012
2018052018
2018052100
2018052106
2018052112
2018052118
2018052200
2018052206
2018052212
2018052218
2018052300
2018052306
2018052312
2018052318
2018052400
2018052406
2018052412
2018052418
2018052500
2018052506
2018052512
2018052518
2018052600
2018052606
2018052612
2018052618
2018052700
2018052706
2018052712
2018052718
2018052800
2018052806
2018052812
2018052818
2018052900
2018052906
2018052912
2018052918
2018053000
2018053006
2018053012
2018053018
2018053100
2018053106
2018053112
2018053118
2018060100
2018060106
2018060112
2018060118
2018060200
2018060206
2018060212
2018060218
2018060300
2018060306
2018060312
2018060318
2018060400
2018060406
2018060412
2018060418
2018060500
2018060506
2018060512
2018060518
2018060600
2018060606
2018060612
2018060618
2018060700
2018060706
2018060712
2018060718
2018060800
2018060806
2018060812
2018060818
2018060900
2018060906
2018060912
2018060918
2018061000
2018061006
2018061012
2018061018
2018061100
2018061106
2018061112
2018061118
2018061200
2018061206
2018061212
2018061218
2018061300
2018061306
2018061312
2018061318
2018061400
2018061406
2018061412
2018061418
2018061500
2018061506
2018061512
2018061518
2018061600
2018061606
2018061612
2018061618
2018061700
2018061706
2018061712
2018061718
2018061800
2018061806
2018061812
2018061818
2018061900
2018061906
2018061912
2018061918
2018062000
2018062006
2018062012
2018062018
2018062100
2018062106
2018062112
2018062118
2018062200
2018062206
2018062212
2018062218
2018062300
2018062306
2018062312
2018062318
2018062400
2018062406
2018062412
2018062418
2018062500
2018062506
2018062512
2018062518
2018062600
2018062606
2018062612
2018062618
2018062700
2018062706
2018062712
2018062718
2018062800
2018062806
2018062812
2018062818
2018062900
2018062906
2018062912
2018062918
2018063000
2018063006
2018063012
2018063018
2018070100
2018070106
2018070112
2018070118
2018070200
2018070206
2018070212
2018070218
2018070300
2018070306
2018070312
2018070318
2018070400
2018070406
2018070412
2018070418
2018070500
2018070506
2018070512
2018070518
2018070600
2018070606
2018070612
2018070618
2018070700
2018070706
2018070712
2018070718
2018070800
2018070806
2018070812
2018070818
2018070900
2018070906
2018070912
2018070918
2018071000
2018071006
2018071012
2018071018
2018071100
2018071106
2018071112
2018071118
2018071200
2018071206
2018071212
2018071218
2018071300
2018071306
2018071312
2018071318
2018071400
2018071406
2018071412
2018071418
2018071500
2018071506
2018071512
2018071518
2018071600
2018071606
2018071612
2018071618
2018071700
2018071706
2018071712
2018071718
2018071800
2018071806
2018071812
2018071818
2018071900
2018071906
2018071912
2018071918
2018072000
2018072006
2018072012
2018072018
2018072100
2018072106
2018072112
2018072118
2018072200
2018072206
2018072212
2018072218
2018072300
2018072306
2018072312
2018072318
2018072400
2018072406
2018072412
2018072418
2018072500
2018072506
2018072512
2018072518
2018072600
2018072606
2018072612
2018072618
2018072700
2018072706
2018072712
2018072718
2018072800
2018072806
2018072812
2018072818
2018072900
2018072906
2018072912
2018072918
2018073000
2018073006
2018073012
2018073018
2018073100
2018073106
2018073112
2018073118
2018080100
2018080106
2018080112
2018080118
2018080200
2018080206
2018080212
2018080218
2018080300
2018080306
2018080312
2018080318
2018080400
2018080406
2018080412
2018080418
2018080500
2018080506
2018080512
2018080518
2018080600
2018080606
2018080612
2018080618
2018080700
2018080706
2018080712
2018080718
2018080800
2018080806
2018080812
2018080818
2018080900
2018080906
2018080912
2018080918
2018081000
2018081006
2018081012
2018081018
2018081100
2018081106
2018081112
2018081118
2018081200
2018081206
2018081212
2018081218
2018081300
2018081306
2018081312
2018081318
2018081400
2018081406
2018081412
2018081418
2018081500
2018081506
2018081512
2018081518
2018081600
2018081606
2018081612
2018081618
2018081700
2018081706
2018081712
2018081718
2018081800
2018081806
2018081812
2018081818
2018081900
2018081906
2018081912
2018081918
2018082000
2018082006
2018082012
2018082018
2018082100
2018082106
2018082112
2018082118
2018082200
2018082206
2018082212
2018082218
2018082300
2018082306
2018082312
2018082318
2018082400
2018082406
2018082412
2018082418
2018082500
2018082506
2018082512
2018082518
2018082600
2018082606
2018082612
2018082618
2018082700
2018082706
2018082712
2018082718
2018082800
2018082806
2018082812
2018082818
2018082900
2018082906
2018082912
2018082918
2018083000
2018083006
2018083012
2018083018
2018083100
2018083106
2018083112
2018083118
2018090100
2018090106
2018090112
2018090118
2018090200
2018090206
2018090212
2018090218
2018090300
2018090306
2018090312
2018090318
2018090400
2018090406
2018090412
2018090418
2018090500
2018090506
2018090512
2018090518
2018090600
2018090606
2018090612
2018090618
2018090700
2018090706
2018090712
2018090718
2018090800
2018090806
2018090812
2018090818
2018090900
2018090906
2018090912
2018090918
2018091000
2018091006
2018091012
2018091018
2018091100
2018091106
2018091112
2018091118
2018091200
2018091206
2018091212
2018091218
2018091300
2018091306
2018091312
2018091318
2018091400
2018091406
2018091412
2018091418
2018091500
2018091506
2018091512
2018091518
2018091600
2018091606
2018091612
2018091618
2018091700
2018091706
2018091712
2018091718
2018091800
2018091806
2018091812
2018091818
2018091900
2018091906
2018091912
2018091918
2018092000
2018092006
2018092012
2018092018
2018092100
2018092106
2018092112
2018092118
2018092200
2018092206
2018092212
2018092218
2018092300
2018092306
2018092312
2018092318
2018092400
2018092406
2018092412
2018092418
2018092500
2018092506
2018092512
2018092518
2018092600
2018092606
2018092612
2018092618
2018092700
2018092706
2018092712
2018092718
2018092800
2018092806
2018092812
2018092818
2018092900
2018092906
2018092912
2018092918
2018093000
2018093006
2018093012
2018093018
2018100100
2018100106
2018100112
2018100118
2018100200
2018100206
2018100212
2018100218
2018100300
2018100306
2018100312
2018100318
2018100400
2018100406
2018100412
2018100418
2018100500
2018100506
2018100512
2018100518
2018100600
2018100606
2018100612
2018100618
2018100700
2018100706
2018100712
2018100718
2018100800
2018100806
2018100812
2018100818
2018100900
2018100906
2018100912
2018100918
2018101000
2018101006
2018101012
2018101018
2018101100
2018101106
2018101112
2018101118
2018101200
2018101206
2018101212
2018101218
2018101300
2018101306
2018101312
2018101318
2018101400
2018101406
2018101412
2018101418
2018101500
2018101506
2018101512
2018101518
2018101600
2018101606
2018101612
2018101618
2018101700
2018101706
2018101712
2018101718
2018101800
2018101806
2018101812
2018101818
2018101900
2018101906
2018101912
2018101918
2018102000
2018102006
2018102012
2018102018
2018102100
2018102106
2018102112
2018102118
2018102200
2018102206
2018102212
2018102218
2018102300
2018102306
2018102312
2018102318
2018102400
2018102406
2018102412
2018102418
2018102500
2018102506
2018102512
2018102518
2018102600
2018102606
2018102612
2018102618
2018102700
2018102706
2018102712
2018102718
2018102800
2018102806
2018102812
2018102818
2018102900
2018102906
2018102912
2018102918
2018103000
2018103006
2018103012
2018103018
2018103100
2018103106
2018103112
2018103118
2018110100
2018110106
2018110112
2018110118
2018110200
2018110206
2018110212
2018110218
2018110300
2018110306
2018110312
2018110318
2018110400
2018110406
2018110412
2018110418
2018110500
2018110506
2018110512
2018110518
2018110600
2018110606
2018110612
2018110618
2018110700
2018110706
2018110712
2018110718
2018110800
2018110806
2018110812
2018110818
2018110900
2018110906
2018110912
2018110918
2018111000
2018111006
2018111012
2018111018
2018111100
2018111106
2018111112
2018111118
2018111200
2018111206
2018111212
2018111218
2018111300
2018111306
2018111312
2018111318
2018111400
2018111406
2018111412
2018111418
2018111500
2018111506
2018111512
2018111518
2018111600
2018111606
2018111612
2018111618
2018111700
2018111706
2018111712
2018111718
2018111800
2018111806
2018111812
2018111818
2018111900
2018111906
2018111912
2018111918
2018112000
2018112006
2018112012
2018112018
2018112100
2018112106
2018112112
2018112118
2018112200
2018112206
2018112212
2018112218
2018112300
2018112306
2018112312
2018112318
2018112400
2018112406
2018112412
2018112418
2018112500
2018112506
2018112512
2018112518
2018112600
2018112606
2018112612
2018112618
2018112700
2018112706
2018112712
2018112718
2018112800
2018112806
2018112812
2018112818
2018112900
2018112906
2018112912
2018112918
2018113000
2018113006
2018113012
2018113018
2018120100
2018120106
2018120112
2018120118
2018120200
2018120206
2018120212
2018120218
2018120300
2018120306
2018120312
2018120318
2018120400
2018120406
2018120412
2018120418
2018120500
2018120506
2018120512
2018120518
2018120600
2018120606
2018120612
2018120618
2018120700
2018120706
2018120712
2018120718
2018120800
2018120806
2018120812
2018120818
2018120900
2018120906
2018120912
2018120918
2018121000
2018121006
2018121012
2018121018
2018121100
2018121106
2018121112
2018121118
2018121200
2018121206
2018121212
2018121218
2018121300
2018121306
2018121312
2018121318
2018121400
2018121406
2018121412
2018121418
2018121500
2018121506
2018121512
2018121518
2018121600
2018121606
2018121612
2018121618
2018121700
2018121706
2018121712
2018121718
2018121800
2018121806
2018121812
2018121818
2018121900
2018121906
2018121912
2018121918
2018122000
2018122006
2018122012
2018122018
2018122100
2018122106
2018122112
2018122118
2018122200
2018122206
2018122212
2018122218
2018122300
2018122306
2018122312
2018122318
2018122400
2018122406
2018122412
2018122418
2018122500
2018122506
2018122512
2018122518
2018122600
2018122606
2018122612
2018122618
2018122700
2018122706
2018122712
2018122718
2018122800
2018122806
2018122812
2018122818
2018122900
2018122906
2018122912
2018122918
2018123000
2018123006
2018123012
2018123018
2018123100
2018123106
2018123112
2018123118
2019010100
2019010106
2019010112
2019010118
2019010200
2019010206
2019010212
2019010218
2019010300
2019010306
2019010312
2019010318
2019010400
2019010406
2019010412
2019010418
2019010500
2019010506
2019010512
2019010518
2019010600
2019010606
2019010612
2019010618
2019010700
2019010706
2019010712
2019010718
2019010800
2019010806
2019010812
2019010818
2019010900
2019010906
2019010912
2019010918
2019011000
2019011006
2019011012
2019011018
2019011100
2019011106
2019011112
2019011118
2019011200
2019011206
2019011212
2019011218
2019011300
2019011306
2019011312
2019011318
2019011400
2019011406
2019011412
2019011418
2019011500
2019011506
2019011512
2019011518
2019011600
2019011606
2019011612
2019011618
2019011700
2019011706
2019011712
2019011718
2019011800
2019011806
2019011812
2019011818
2019011900
2019011906
2019011912
2019011918
2019012000
2019012006
2019012012
2019012018
2019012100
2019012106
2019012112
2019012118
2019012200
2019012206
2019012212
2019012218
2019012300
2019012306
2019012312
2019012318
2019012400
2019012406
2019012412
2019012418
2019012500
2019012506
2019012512
2019012518
2019012600
2019012606
2019012612
2019012618
2019012700
2019012706
2019012712
2019012718
2019012800
2019012806
2019012812
2019012818
2019012900
2019012906
2019012912
2019012918
2019013000
2019013006
2019013012
2019013018
2019013100
2019013106
2019013112
2019013118
2019020100
2019020106
2019020112
2019020118
2019020200
2019020206
2019020212
2019020218
2019020300
2019020306
2019020312
2019020318
2019020400
2019020406
2019020412
2019020418
2019020500
2019020506
2019020512
2019020518
2019020600
2019020606
2019020612
2019020618
2019020700
2019020706
2019020712
2019020718
2019020800
2019020806
2019020812
2019020818
2019020900
2019020906
2019020912
2019020918
2019021000
2019021006
2019021012
2019021018
2019021100
2019021106
2019021112
2019021118
2019021200
2019021206
2019021212
2019021218
2019021300
2019021306
2019021312
2019021318
2019021400
2019021406
2019021412
2019021418
2019021500
2019021506
2019021512
2019021518
2019021600
2019021606
2019021612
2019021618
2019021700
2019021706
2019021712
2019021718
2019021800
2019021806
2019021812
2019021818
2019021900
2019021906
2019021912
2019021918
2019022000
2019022006
2019022012
2019022018
2019022100
2019022106
2019022112
2019022118
2019022200
2019022206
2019022212
2019022218
2019022300
2019022306
2019022312
2019022318
2019022400
2019022406
2019022412
2019022418
2019022500
2019022506
2019022512
2019022518
2019022600
2019022606
2019022612
2019022618
2019022700
2019022706
2019022712
2019022718
2019022800
2019022806
2019022812
2019022818
2019030100
2019030106
2019030112
2019030118
2019030200
2019030206
2019030212
2019030218
2019030300
2019030306
2019030312
2019030318
2019030400
2019030406
2019030412
2019030418
2019030500
2019030506
2019030512
2019030518
2019030600
2019030606
2019030612
2019030618
2019030700
2019030706
2019030712
2019030718
2019030800
2019030806
2019030812
2019030818
2019030900
2019030906
2019030912
2019030918
2019031000
2019031006
2019031012
2019031018
2019031100
2019031106
2019031112
2019031118
2019031200
2019031206
2019031212
2019031218
2019031300
2019031306
2019031312
2019031318
2019031400
2019031406
2019031412
2019031418
2019031500
2019031506
2019031512
2019031518
2019031600
2019031606
2019031612
2019031618
2019031700
2019031706
2019031712
2019031718
2019031800
2019031806
2019031812
2019031818
2019031900
2019031906
2019031912
2019031918
2019032000
2019032006
2019032012
2019032018
2019032100
2019032106
2019032112
2019032118
2019032200
2019032206
2019032212
2019032218
2019032300
2019032306
2019032312
2019032318
2019032400
2019032406
2019032412
2019032418
2019032500
2019032506
2019032512
2019032518
2019032600
2019032606
2019032612
2019032618
2019032700
2019032706
2019032712
2019032718
2019032800
2019032806
2019032812
2019032818
2019032900
2019032906
2019032912
2019032918
2019033000
2019033006
2019033012
2019033018
2019033100
2019033106
2019033112
2019033118
2019040100
2019040106
2019040112
2019040118
2019040200
2019040206
2019040212
2019040218
2019040300
2019040306
2019040312
2019040318
2019040400
2019040406
2019040412
2019040418
2019040500
2019040506
2019040512
2019040518
2019040600
2019040606
2019040612
2019040618
2019040700
2019040706
2019040712
2019040718
2019040800
2019040806
2019040812
2019040818
2019040900
2019040906
2019040912
2019040918
2019041000
2019041006
2019041012
2019041018
2019041100
2019041106
2019041112
2019041118
2019041200
2019041206
2019041212
2019041218
2019041300
2019041306
2019041312
2019041318
2019041400
2019041406
2019041412
2019041418
2019041500
2019041506
2019041512
2019041518
2019041600
2019041606
2019041612
2019041618
2019041700
2019041706
2019041712
2019041718
2019041800
2019041806
2019041812
2019041818
2019041900
2019041906
2019041912
2019041918
2019042000
2019042006
2019042012
2019042018
2019042100
2019042106
2019042112
2019042118
2019042200
2019042206
2019042212
2019042218
2019042300
2019042306
2019042312
2019042318
2019042400
2019042406
2019042412
2019042418
2019042500
2019042506
2019042512
2019042518
2019042600
2019042606
2019042612
2019042618
2019042700
2019042706
2019042712
2019042718
2019042800
2019042806
2019042812
2019042818
2019042900
2019042906
2019042912
2019042918
2019043000
2019043006
2019043012
2019043018
2019050100
2019050106
2019050112
2019050118
2019050200
2019050206
2019050212
2019050218
2019050300
2019050306
2019050312
2019050318
2019050400
2019050406
2019050412
2019050418
2019050500
2019050506
2019050512
2019050518
2019050600
2019050606
2019050612
2019050618
2019050700
2019050706
2019050712
2019050718
2019050800
2019050806
2019050812
2019050818
2019050900
2019050906
2019050912
2019050918
2019051000
2019051006
2019051012
2019051018
2019051100
2019051106
2019051112
2019051118
2019051200
2019051206
2019051212
2019051218
2019051300
2019051306
2019051312
2019051318
2019051400
2019051406
2019051412
2019051418
2019051500
2019051506
2019051512
2019051518
2019051600
2019051606
2019051612
2019051618
2019051700
2019051706
2019051712
2019051718
2019051800
2019051806
2019051812
2019051818
2019051900
2019051906
2019051912
2019051918
2019052000
2019052006
2019052012
2019052018
2019052100
2019052106
2019052112
2019052118
2019052200
2019052206
2019052212
2019052218
2019052300
2019052306
2019052312
2019052318
2019052400
2019052406
2019052412
2019052418
2019052500
2019052506
2019052512
2019052518
2019052600
2019052606
2019052612
2019052618
2019052700
2019052706
2019052712
2019052718
2019052800
2019052806
2019052812
2019052818
2019052900
2019052906
2019052912
2019052918
2019053000
2019053006
2019053012
2019053018
2019053100
2019053106
2019053112
2019053118
2019060100
2019060106
2019060112
2019060118
2019060200
2019060206
2019060212
2019060218
2019060300
2019060306
2019060312
2019060318
2019060400
2019060406
2019060412
2019060418
2019060500
2019060506
2019060512
2019060518
2019060600
2019060606
2019060612
2019060618
2019060700
2019060706
2019060712
2019060718
2019060800
2019060806
2019060812
2019060818
2019060900
2019060906
2019060912
2019060918
2019061000
2019061006
2019061012
2019061018
2019061100
2019061106
2019061112
2019061118
2019061200
2019061206
2019061212
2019061218
2019061300
2019061306
2019061312
2019061318
2019061400
2019061406
2019061412
2019061418
2019061500
2019061506
2019061512
2019061518
2019061600
2019061606
2019061612
2019061618
2019061700
2019061706
2019061712
2019061718
2019061800
2019061806
2019061812
2019061818
2019061900
2019061906
2019061912
2019061918
2019062000
2019062006
2019062012
2019062018
2019062100
2019062106
2019062112
2019062118
2019062200
2019062206
2019062212
2019062218
2019062300
2019062306
2019062312
2019062318
2019062400
2019062406
2019062412
2019062418
2019062500
2019062506
2019062512
2019062518
2019062600
2019062606
2019062612
2019062618
2019062700
2019062706
2019062712
2019062718
2019062800
2019062806
2019062812
2019062818
2019062900
2019062906
2019062912
2019062918
2019063000
2019063006
2019063012
2019063018
2019070100
2019070106
2019070112
2019070118
2019070200
2019070206
2019070212
2019070218
2019070300
2019070306
2019070312
2019070318
2019070400
2019070406
2019070412
2019070418
2019070500
2019070506
2019070512
2019070518
2019070600
2019070606
2019070612
2019070618
2019070700
2019070706
2019070712
2019070718
2019070800
2019070806
2019070812
2019070818
2019070900
2019070906
2019070912
2019070918
2019071000
2019071006
2019071012
2019071018
2019071100
2019071106
2019071112
2019071118
2019071200
2019071206
2019071212
2019071218
2019071300
2019071306
2019071312
2019071318
2019071400
2019071406
2019071412
2019071418
2019071500
2019071506
2019071512
2019071518
2019071600
2019071606
2019071612
2019071618
2019071700
2019071706
2019071712
2019071718
2019071800
2019071806
2019071812
2019071818
2019071900
2019071906
2019071912
2019071918
2019072000
2019072006
2019072012
2019072018
2019072100
2019072106
2019072112
2019072118
2019072200
2019072206
2019072212
2019072218
2019072300
2019072306
2019072312
2019072318
2019072400
2019072406
2019072412
2019072418
2019072500
2019072506
2019072512
2019072518
2019072600
2019072606
2019072612
2019072618
2019072700
2019072706
2019072712
2019072718
2019072800
2019072806
2019072812
2019072818
2019072900
2019072906
2019072912
2019072918
2019073000
2019073006
2019073012
2019073018
2019073100
2019073106
2019073112
2019073118
2019080100
2019080106
2019080112
2019080118
2019080200
2019080206
2019080212
2019080218
2019080300
2019080306
2019080312
2019080318
2019080400
2019080406
2019080412
2019080418
2019080500
2019080506
2019080512
2019080518
2019080600
2019080606
2019080612
2019080618
2019080700
2019080706
2019080712
2019080718
2019080800
2019080806
2019080812
2019080818
2019080900
2019080906
2019080912
2019080918
2019081000
2019081006
2019081012
2019081018
2019081100
2019081106
2019081112
2019081118
2019081200
2019081206
2019081212
2019081218
2019081300
2019081306
2019081312
2019081318
2019081400
2019081406
2019081412
2019081418
2019081500
2019081506
2019081512
2019081518
2019081600
2019081606
2019081612
2019081618
2019081700
2019081706
2019081712
2019081718
2019081800
2019081806
2019081812
2019081818
2019081900
2019081906
2019081912
2019081918
2019082000
2019082006
2019082012
2019082018
2019082100
2019082106
2019082112
2019082118
2019082200
2019082206
2019082212
2019082218
2019082300
2019082306
2019082312
2019082318
2019082400
2019082406
2019082412
2019082418
2019082500
2019082506
2019082512
2019082518
2019082600
2019082606
2019082612
2019082618
2019082700
2019082706
2019082712
2019082718
2019082800
2019082806
2019082812
2019082818
2019082900
2019082906
2019082912
2019082918
2019083000
2019083006
2019083012
2019083018
2019083100
2019083106
2019083112
2019083118
2019090100
2019090106
2019090112
2019090118
2019090200
2019090206
2019090212
2019090218
2019090300
2019090306
2019090312
2019090318
2019090400
2019090406
2019090412
2019090418
2019090500
2019090506
2019090512
2019090518
2019090600
2019090606
2019090612
2019090618
2019090700
2019090706
2019090712
2019090718
2019090800
2019090806
2019090812
2019090818
2019090900
2019090906
2019090912
2019090918
2019091000
2019091006
2019091012
2019091018
2019091100
2019091106
2019091112
2019091118
2019091200
2019091206
2019091212
2019091218
2019091300
2019091306
2019091312
2019091318
2019091400
2019091406
2019091412
2019091418
2019091500
2019091506
2019091512
2019091518
2019091600
2019091606
2019091612
2019091618
2019091700
2019091706
2019091712
2019091718
2019091800
2019091806
2019091812
2019091818
2019091900
2019091906
2019091912
2019091918
2019092000
2019092006
2019092012
2019092018
2019092100
2019092106
2019092112
2019092118
2019092200
2019092206
2019092212
2019092218
2019092300
2019092306
2019092312
2019092318
2019092400
2019092406
2019092412
2019092418
2019092500
2019092506
2019092512
2019092518
2019092600
2019092606
2019092612
2019092618
2019092700
2019092706
2019092712
2019092718
2019092800
2019092806
2019092812
2019092818
2019092900
2019092906
2019092912
2019092918
2019093000
2019093006
2019093012
2019093018
2019100100
2019100106
2019100112
2019100118
2019100200
2019100206
2019100212
2019100218
2019100300
2019100306
2019100312
2019100318
2019100400
2019100406
2019100412
2019100418
2019100500
2019100506
2019100512
2019100518
2019100600
2019100606
2019100612
2019100618
2019100700
2019100706
2019100712
2019100718
2019100800
2019100806
2019100812
2019100818
2019100900
2019100906
2019100912
2019100918
2019101000
2019101006
2019101012
2019101018
2019101100
2019101106
2019101112
2019101118
2019101200
2019101206
2019101212
2019101218
2019101300
2019101306
2019101312
2019101318
2019101400
2019101406
2019101412
2019101418
2019101500
2019101506
2019101512
2019101518
2019101600
2019101606
2019101612
2019101618
2019101700
2019101706
2019101712
2019101718
2019101800
2019101806
2019101812
2019101818
2019101900
2019101906
2019101912
2019101918
2019102000
2019102006
2019102012
2019102018
2019102100
2019102106
2019102112
2019102118
2019102200
2019102206
2019102212
2019102218
2019102300
2019102306
2019102312
2019102318
2019102400
2019102406
2019102412
2019102418
2019102500
2019102506
2019102512
2019102518
2019102600
2019102606
2019102612
2019102618
2019102700
2019102706
2019102712
2019102718
2019102800
2019102806
2019102812
2019102818
2019102900
2019102906
2019102912
2019102918
2019103000
2019103006
2019103012
2019103018
2019103100
2019103106
2019103112
2019103118
2019110100
2019110106
2019110112
2019110118
2019110200
2019110206
2019110212
2019110218
2019110300
2019110306
2019110312
2019110318
2019110400
2019110406
2019110412
2019110418
2019110500
2019110506
2019110512
2019110518
2019110600
2019110606
2019110612
2019110618
2019110700
2019110706
2019110712
2019110718
2019110800
2019110806
2019110812
2019110818
2019110900
2019110906
2019110912
2019110918
2019111000
2019111006
2019111012
2019111018
2019111100
2019111106
2019111112
2019111118
2019111200
2019111206
2019111212
2019111218
2019111300
2019111306
2019111312
2019111318
2019111400
2019111406
2019111412
2019111418
2019111500
2019111506
2019111512
2019111518
2019111600
2019111606
2019111612
2019111618
2019111700
2019111706
2019111712
2019111718
2019111800
2019111806
2019111812
2019111818
2019111900
2019111906
2019111912
2019111918
2019112000
2019112006
2019112012
2019112018
2019112100
2019112106
2019112112
2019112118
2019112200
2019112206
2019112212
2019112218
2019112300
2019112306
2019112312
2019112318
2019112400
2019112406
2019112412
2019112418
2019112500
2019112506
2019112512
2019112518
2019112600
2019112606
2019112612
2019112618
2019112700
2019112706
2019112712
2019112718
2019112800
2019112806
2019112812
2019112818
2019112900
2019112906
2019112912
2019112918
2019113000
2019113006
2019113012
2019113018
2019120100
2019120106
2019120112
2019120118
2019120200
2019120206
2019120212
2019120218
2019120300
2019120306
2019120312
2019120318
2019120400
2019120406
2019120412
2019120418
2019120500
2019120506
2019120512
2019120518
2019120600
2019120606
2019120612
2019120618
2019120700
2019120706
2019120712
2019120718
2019120800
2019120806
2019120812
2019120818
2019120900
2019120906
2019120912
2019120918
2019121000
2019121006
2019121012
2019121018
2019121100
2019121106
2019121112
2019121118
2019121200
2019121206
2019121212
2019121218
2019121300
2019121306
2019121312
2019121318
2019121400
2019121406
2019121412
2019121418
2019121500
2019121506
2019121512
2019121518
2019121600
2019121606
2019121612
2019121618
2019121700
2019121706
2019121712
2019121718
2019121800
2019121806
2019121812
2019121818
2019121900
2019121906
2019121912
2019121918
2019122000
2019122006
2019122012
2019122018
2019122100
2019122106
2019122112
2019122118
2019122200
2019122206
2019122212
2019122218
2019122300
2019122306
2019122312
2019122318
2019122400
2019122406
2019122412
2019122418
2019122500
2019122506
2019122512
2019122518
2019122600
2019122606
2019122612
2019122618
2019122700
2019122706
2019122712
2019122718
2019122800
2019122806
2019122812
2019122818
2019122900
2019122906
2019122912
2019122918
2019123000
2019123006
2019123012
2019123018
2019123100
2019123106
2019123112
2019123118
2020010100
2020010106
2020010112
2020010118
2020010200
2020010206
2020010212
2020010218
2020010300
2020010306
2020010312
2020010318
2020010400
2020010406
2020010412
2020010418
2020010500
2020010506
2020010512
2020010518
2020010600
2020010606
2020010612
2020010618
2020010700
2020010706
2020010712
2020010718
2020010800
2020010806
2020010812
2020010818
2020010900
2020010906
2020010912
2020010918
2020011000
2020011006
2020011012
2020011018
2020011100
2020011106
2020011112
2020011118
2020011200
2020011206
2020011212
2020011218
2020011300
2020011306
2020011312
2020011318
2020011400
2020011406
2020011412
2020011418
2020011500
2020011506
2020011512
2020011518
2020011600
2020011606
2020011612
2020011618
2020011700
2020011706
2020011712
2020011718
2020011800
2020011806
2020011812
2020011818
2020011900
2020011906
2020011912
2020011918
2020012000
2020012006
2020012012
2020012018
2020012100
2020012106
2020012112
2020012118
2020012200
2020012206
2020012212
2020012218
2020012300
2020012306
2020012312
2020012318
2020012400
2020012406
2020012412
2020012418
2020012500
2020012506
2020012512
2020012518
2020012600
2020012606
2020012612
2020012618
2020012700
2020012706
2020012712
2020012718
2020012800
2020012806
2020012812
2020012818
2020012900
2020012906
2020012912
2020012918
2020013000
2020013006
2020013012
2020013018
2020013100
2020013106
2020013112
2020013118
2020020100
2020020106
2020020112
2020020118
2020020200
2020020206
2020020212
2020020218
2020020300
2020020306
2020020312
2020020318
2020020400
2020020406
2020020412
2020020418
2020020500
2020020506
2020020512
2020020518
2020020600
2020020606
2020020612
2020020618
2020020700
2020020706
2020020712
2020020718
2020020800
2020020806
2020020812
2020020818
2020020900
2020020906
2020020912
2020020918
2020021000
2020021006
2020021012
2020021018
2020021100
2020021106
2020021112
2020021118
2020021200
2020021206
2020021212
2020021218
2020021300
2020021306
2020021312
2020021318
2020021400
2020021406
2020021412
2020021418
2020021500
2020021506
2020021512
2020021518
2020021600
2020021606
2020021612
2020021618
2020021700
2020021706
2020021712
2020021718
2020021800
2020021806
2020021812
2020021818
2020021900
2020021906
2020021912
2020021918
2020022000
2020022006
2020022012
2020022018
2020022100
2020022106
2020022112
2020022118
2020022200
2020022206
2020022212
2020022218
2020022300
2020022306
2020022312
2020022318
2020022400
2020022406
2020022412
2020022418
2020022500
2020022506
2020022512
2020022518
2020022600
2020022606
2020022612
2020022618
2020022700
2020022706
2020022712
2020022718
2020022800
2020022806
2020022812
2020022818
2020022900
2020022906
2020022912
2020022918
2020030100
2020030106
2020030112
2020030118
2020030200
2020030206
2020030212
2020030218
2020030300
2020030306
2020030312
2020030318
2020030400
2020030406
2020030412
2020030418
2020030500
2020030506
2020030512
2020030518
2020030600
2020030606
2020030612
2020030618
2020030700
2020030706
2020030712
2020030718
2020030800
2020030806
2020030812
2020030818
2020030900
2020030906
2020030912
2020030918
2020031000
2020031006
2020031012
2020031018
2020031100
2020031106
2020031112
2020031118
2020031200
2020031206
2020031212
2020031218
2020031300
2020031306
2020031312
2020031318
2020031400
2020031406
2020031412
2020031418
2020031500
2020031506
2020031512
2020031518
2020031600
2020031606
2020031612
2020031618
2020031700
2020031706
2020031712
2020031718
2020031800
2020031806
2020031812
2020031818
2020031900
2020031906
2020031912
2020031918
2020032000
2020032006
2020032012
2020032018
2020032100
2020032106
2020032112
2020032118
2020032200
2020032206
2020032212
2020032218
2020032300
2020032306
2020032312
2020032318
2020032400
2020032406
2020032412
2020032418
2020032500
2020032506
2020032512
2020032518
2020032600
2020032606
2020032612
2020032618
2020032700
2020032706
2020032712
2020032718
2020032800
2020032806
2020032812
2020032818
2020032900
2020032906
2020032912
2020032918
2020033000
2020033006
2020033012
2020033018
2020033100
2020033106
2020033112
2020033118
2020040100
2020040106
2020040112
2020040118
2020040200
2020040206
2020040212
2020040218
2020040300
2020040306
2020040312
2020040318
2020040400
2020040406
2020040412
2020040418
2020040500
2020040506
2020040512
2020040518
2020040600
2020040606
2020040612
2020040618
2020040700
2020040706
2020040712
2020040718
2020040800
2020040806
2020040812
2020040818
2020040900
2020040906
2020040912
2020040918
2020041000
2020041006
2020041012
2020041018
2020041100
2020041106
2020041112
2020041118
2020041200
2020041206
2020041212
2020041218
2020041300
2020041306
2020041312
2020041318
2020041400
2020041406
2020041412
2020041418
2020041500
2020041506
2020041512
2020041518
2020041600
2020041606
2020041612
2020041618
2020041700
2020041706
2020041712
2020041718
2020041800
2020041806
2020041812
2020041818
2020041900
2020041906
2020041912
2020041918
2020042000
2020042006
2020042012
2020042018
2020042100
2020042106
2020042112
2020042118
2020042200
2020042206
2020042212
2020042218
2020042300
2020042306
2020042312
2020042318
2020042400
2020042406
2020042412
2020042418
2020042500
2020042506
2020042512
2020042518
2020042600
2020042606
2020042612
2020042618
2020042700
2020042706
2020042712
2020042718
2020042800
2020042806
2020042812
2020042818
2020042900
2020042906
2020042912
2020042918
2020043000
2020043006
2020043012
2020043018
2020050100
2020050106
2020050112
2020050118
2020050200
2020050206
2020050212
2020050218
2020050300
2020050306
2020050312
2020050318
2020050400
2020050406
2020050412
2020050418
2020050500
2020050506
2020050512
2020050518
2020050600
2020050606
2020050612
2020050618
2020050700
2020050706
2020050712
2020050718
2020050800
2020050806
2020050812
2020050818
2020050900
2020050906
2020050912
2020050918
2020051000
2020051006
2020051012
2020051018
2020051100
2020051106
2020051112
2020051118
2020051200
2020051206
2020051212
2020051218
2020051300
2020051306
2020051312
2020051318
2020051400
2020051406
2020051412
2020051418
2020051500
2020051506
2020051512
2020051518
2020051600
2020051606
2020051612
2020051618
2020051700
2020051706
2020051712
2020051718
2020051800
2020051806
2020051812
2020051818
2020051900
2020051906
2020051912
2020051918
2020052000
2020052006
2020052012
2020052018
2020052100
2020052106
2020052112
2020052118
2020052200
2020052206
2020052212
2020052218
2020052300
2020052306
2020052312
2020052318
2020052400
2020052406
2020052412
2020052418
2020052500
2020052506
2020052512
2020052518
2020052600
2020052606
2020052612
2020052618
2020052700
2020052706
2020052712
2020052718
2020052800
2020052806
2020052812
2020052818
2020052900
2020052906
2020052912
2020052918
2020053000
2020053006
2020053012
2020053018
2020053100
2020053106
2020053112
2020053118
2020060100
2020060106
2020060112
2020060118
2020060200
2020060206
2020060212
2020060218
2020060300
2020060306
2020060312
2020060318
2020060400
2020060406
2020060412
2020060418
2020060500
2020060506
2020060512
2020060518
2020060600
2020060606
2020060612
2020060618
2020060700
2020060706
2020060712
2020060718
2020060800
2020060806
2020060812
2020060818
2020060900
2020060906
2020060912
2020060918
2020061000
2020061006
2020061012
2020061018
2020061100
2020061106
2020061112
2020061118
2020061200
2020061206
2020061212
2020061218
2020061300
2020061306
2020061312
2020061318
2020061400
2020061406
2020061412
2020061418
2020061500
2020061506
2020061512
2020061518
2020061600
2020061606
2020061612
2020061618
2020061700
2020061706
2020061712
2020061718
2020061800
2020061806
2020061812
2020061818
2020061900
2020061906
2020061912
2020061918
2020062000
2020062006
2020062012
2020062018
2020062100
2020062106
2020062112
2020062118
2020062200
2020062206
2020062212
2020062218
2020062300
2020062306
2020062312
2020062318
2020062400
2020062406
2020062412
2020062418
2020062500
2020062506
2020062512
2020062518
2020062600
2020062606
2020062612
2020062618
2020062700
2020062706
2020062712
2020062718
2020062800
2020062806
2020062812
2020062818
2020062900
2020062906
2020062912
2020062918
2020063000
2020063006
2020063012
2020063018
2020070100
2020070106
2020070112
2020070118
2020070200
2020070206
2020070212
2020070218
2020070300
2020070306
2020070312
2020070318
2020070400
2020070406
2020070412
2020070418
2020070500
2020070506
2020070512
2020070518
2020070600
2020070606
2020070612
2020070618
2020070700
2020070706
2020070712
2020070718
2020070800
2020070806
2020070812
2020070818
2020070900
2020070906
2020070912
2020070918
2020071000
2020071006
2020071012
2020071018
2020071100
2020071106
2020071112
2020071118
2020071200
2020071206
2020071212
2020071218
2020071300
2020071306
2020071312
2020071318
2020071400
2020071406
2020071412
2020071418
2020071500
2020071506
2020071512
2020071518
2020071600
2020071606
2020071612
2020071618
2020071700
2020071706
2020071712
2020071718
2020071800
2020071806
2020071812
2020071818
2020071900
2020071906
2020071912
2020071918
2020072000
2020072006
2020072012
2020072018
2020072100
2020072106
2020072112
2020072118
2020072200
2020072206
2020072212
2020072218
2020072300
2020072306
2020072312
2020072318
2020072400
2020072406
2020072412
2020072418
2020072500
2020072506
2020072512
2020072518
2020072600
2020072606
2020072612
2020072618
2020072700
2020072706
2020072712
2020072718
2020072800
2020072806
2020072812
2020072818
2020072900
2020072906
2020072912
2020072918
2020073000
2020073006
2020073012
2020073018
2020073100
2020073106
2020073112
2020073118
2020080100
2020080106
2020080112
2020080118
2020080200
2020080206
2020080212
2020080218
2020080300
2020080306
2020080312
2020080318
2020080400
2020080406
2020080412
2020080418
2020080500
2020080506
2020080512
2020080518
2020080600
2020080606
2020080612
2020080618
2020080700
2020080706
2020080712
2020080718
2020080800
2020080806
2020080812
2020080818
2020080900
2020080906
2020080912
2020080918
2020081000
2020081006
2020081012
2020081018
2020081100
2020081106
2020081112
2020081118
2020081200
2020081206
2020081212
2020081218
2020081300
2020081306
2020081312
2020081318
2020081400
2020081406
2020081412
2020081418
2020081500
2020081506
2020081512
2020081518
2020081600
2020081606
2020081612
2020081618
2020081700
2020081706
2020081712
2020081718
2020081800
2020081806
2020081812
2020081818
2020081900
2020081906
2020081912
2020081918
2020082000
2020082006
2020082012
2020082018
2020082100
2020082106
2020082112
2020082118
2020082200
2020082206
2020082212
2020082218
2020082300
2020082306
2020082312
2020082318
2020082400
2020082406
2020082412
2020082418
2020082500
2020082506
2020082512
2020082518
2020082600
2020082606
2020082612
2020082618
2020082700
2020082706
2020082712
2020082718
2020082800
2020082806
2020082812
2020082818
2020082900
2020082906
2020082912
2020082918
2020083000
2020083006
2020083012
2020083018
2020083100
2020083106
2020083112
2020083118
2020090100
2020090106
2020090112
2020090118
2020090200
2020090206
2020090212
2020090218
2020090300
2020090306
2020090312
2020090318
2020090400
2020090406
2020090412
2020090418
2020090500
2020090506
2020090512
2020090518
2020090600
2020090606
2020090612
2020090618
2020090700
2020090706
2020090712
2020090718
2020090800
2020090806
2020090812
2020090818
2020090900
2020090906
2020090912
2020090918
2020091000
2020091006
2020091012
2020091018
2020091100
2020091106
2020091112
2020091118
2020091200
2020091206
2020091212
2020091218
2020091300
2020091306
2020091312
2020091318
2020091400
2020091406
2020091412
2020091418
2020091500
2020091506
2020091512
2020091518
2020091600
2020091606
2020091612
2020091618
2020091700
2020091706
2020091712
2020091718
2020091800
2020091806
2020091812
2020091818
2020091900
2020091906
2020091912
2020091918
2020092000
2020092006
2020092012
2020092018
2020092100
2020092106
2020092112
2020092118
2020092200
2020092206
2020092212
2020092218
2020092300
2020092306
2020092312
2020092318
2020092400
2020092406
2020092412
2020092418
2020092500
2020092506
2020092512
2020092518
2020092600
2020092606
2020092612
2020092618
2020092700
2020092706
2020092712
2020092718
2020092800
2020092806
2020092812
2020092818
2020092900
2020092906
2020092912
2020092918
2020093000
2020093006
2020093012
2020093018
2020100100
2020100106
2020100112
2020100118
2020100200
2020100206
2020100212
2020100218
2020100300
2020100306
2020100312
2020100318
2020100400
2020100406
2020100412
2020100418
2020100500
2020100506
2020100512
2020100518
2020100600
2020100606
2020100612
2020100618
2020100700
2020100706
2020100712
2020100718
2020100800
2020100806
2020100812
2020100818
2020100900
2020100906
2020100912
2020100918
2020101000
2020101006
2020101012
2020101018
2020101100
2020101106
2020101112
2020101118
2020101200
2020101206
2020101212
2020101218
2020101300
2020101306
2020101312
2020101318
2020101400
2020101406
2020101412
2020101418
2020101500
2020101506
2020101512
2020101518
2020101600
2020101606
2020101612
2020101618
2020101700
2020101706
2020101712
2020101718
2020101800
2020101806
2020101812
2020101818
2020101900
2020101906
2020101912
2020101918
2020102000
2020102006
2020102012
2020102018
2020102100
2020102106
2020102112
2020102118
2020102200
2020102206
2020102212
2020102218
2020102300
2020102306
2020102312
2020102318
2020102400
2020102406
2020102412
2020102418
2020102500
2020102506
2020102512
2020102518
2020102600
2020102606
2020102612
2020102618
2020102700
2020102706
2020102712
2020102718
2020102800
2020102806
2020102812
2020102818
2020102900
2020102906
2020102912
2020102918
2020103000
2020103006
2020103012
2020103018
2020103100
2020103106
2020103112
2020103118
2020110100
2020110106
2020110112
2020110118
2020110200
2020110206
2020110212
2020110218
2020110300
2020110306
2020110312
2020110318
2020110400
2020110406
2020110412
2020110418
2020110500
2020110506
2020110512
2020110518
2020110600
2020110606
2020110612
2020110618
2020110700
2020110706
2020110712
2020110718
2020110800
2020110806
2020110812
2020110818
2020110900
2020110906
2020110912
2020110918
2020111000
2020111006
2020111012
2020111018
2020111100
2020111106
2020111112
2020111118
2020111200
2020111206
2020111212
2020111218
2020111300
2020111306
2020111312
2020111318
2020111400
2020111406
2020111412
2020111418
2020111500
2020111506
2020111512
2020111518
2020111600
2020111606
2020111612
2020111618
2020111700
2020111706
2020111712
2020111718
2020111800
2020111806
2020111812
2020111818
2020111900
2020111906
2020111912
2020111918
2020112000
2020112006
2020112012
2020112018
2020112100
2020112106
2020112112
2020112118
2020112200
2020112206
2020112212
2020112218
2020112300
2020112306
2020112312
2020112318
2020112400
2020112406
2020112412
2020112418
2020112500
2020112506
2020112512
2020112518
2020112600
2020112606
2020112612
2020112618
2020112700
2020112706
2020112712
2020112718
2020112800
2020112806
2020112812
2020112818
2020112900
2020112906
2020112912
2020112918
2020113000
2020113006
2020113012
2020113018
2020120100
2020120106
2020120112
2020120118
2020120200
2020120206
2020120212
2020120218
2020120300
2020120306
2020120312
2020120318
2020120400
2020120406
2020120412
2020120418
2020120500
2020120506
2020120512
2020120518
2020120600
2020120606
2020120612
2020120618
2020120700
2020120706
2020120712
2020120718
2020120800
2020120806
2020120812
2020120818
2020120900
2020120906
2020120912
2020120918
2020121000
2020121006
2020121012
2020121018
2020121100
2020121106
2020121112
2020121118
2020121200
2020121206
2020121212
2020121218
2020121300
2020121306
2020121312
2020121318
2020121400
2020121406
2020121412
2020121418
2020121500
2020121506
2020121512
2020121518
2020121600
2020121606
2020121612
2020121618
2020121700
2020121706
2020121712
2020121718
2020121800
2020121806
2020121812
2020121818
2020121900
2020121906
2020121912
2020121918
2020122000
2020122006
2020122012
2020122018
2020122100
2020122106
2020122112
2020122118
2020122200
2020122206
2020122212
2020122218
2020122300
2020122306
2020122312
2020122318
2020122400
2020122406
2020122412
2020122418
2020122500
2020122506
2020122512
2020122518
2020122600
2020122606
2020122612
2020122618
2020122700
2020122706
2020122712
2020122718
2020122800
2020122806
2020122812
2020122818
2020122900
2020122906
2020122912
2020122918
2020123000
2020123006
2020123012
2020123018
2020123100
2020123106
2020123112
2020123118
